0 6899542
1 3187457
2 26563320
3 1221778
4 24850765
5 58588775
6 20468622
7 5793028
8 7032227
9 10590876
10 18000837
11 19967403
12 19967403
13 9687324
14 9687324
15 24192895
16 24192895
17 25376040
18 21299126
19 12628378
20 12959246
21 12959246
22 690008
23 690008
24 45159366
25 45159366
26 13835425
27 13835425
28 17344588
29 17345099
30 19914134
31 35586125
32 35586125
33 8182040
34 8182040
35 6509492
36 9585297
37 2330069
38 28135312
39 15332386
40 11827523
41 11827523
42 72256856
43 7211207
44 55401290
45 6793312
46 7438226
47 19594257
48 29695346
49 14202879
50 33982721
51 3206348
52 55712700
53 80992660
54 38508706
55 739932
56 4454340
57 1575034
58 994109
59 10648028
60 75752919
61 18288755
62 29807183
63 124980
64 28940651
65 28250338
66 2051711
67 41234082
68 1980389
69 11613096
70 22549777
71 351074
72 5244986
73 246103
74 23563074
75 564915
76 56189
77 46642375
78 23773006
79 64949
80 5617452
81 9548746
82 19776877
83 12480135
84 79355
85 5210420
86 12523268
87 47364019
88 6125260
89 31301654
90 4118756
91 10439232
92 32717
93 784187
94 24442422
95 24175636
96 21027279
97 55073596
98 57656148
99 5694071
100 57066657
101 63014263
102 27991125
103 60465133
104 387573
105 19340816
106 30791939
107 69654089
108 28734870
109 42295181
110 52279515
111 4163537
112 17858794
113 62882280
114 10974906
115 25856284
116 45382507
117 55226768
118 47782783
119 15039970
120 11231258
121 29245400
122 47864248
123 66325251
124 11850568
125 45439445
126 3842201
127 5352830
128 20487933
129 47504178
130 43975706
131 1904928
132 17380887
133 5792239
134 56471405
135 5948390
136 92594
137 2852129
138 22364802
139 2096835
140 5788652
141 1712926
142 1926849
143 858053
144 3659196
145 6728866
146 1261626
147 3207647
148 57309131
149 1693915
150 1459110
151 59824573
152 52950030
153 15179156
154 78018729
155 18500046
156 25381606
157 70781773
158 10687168
159 29801616
160 63388312
161 63388312
162 1304388
163 50966522
164 14651388
165 71096090
166 6966801
167 14651388
168 68255140
169 15719765
170 23620056
171 48809977
172 18456175
173 33405407
174 8433587
175 5509162
176 8822316
177 8211181
178 9129071
179 616767
180 24270415
181 1358172
182 5816878
183 6725192
184 147051
185 1930855
186 3670378
187 11095731
188 2082134
189 15808174
190 2286277
191 3515448
192 10529867
193 934291
194 10367662
195 7347118
196 382183
197 8827679
198 837421
199 8127757
200 11733014
201 4723115
202 2762374
203 10719017
204 6942160
205 1402212
206 57446
207 860511
208 23191656
209 889949
210 20956124
211 112310
212 2284279
213 3623695
214 2891970
215 15367484
216 553051
217 6335975
218 3672477
219 1775157
220 6689319
221 484656
222 77602
223 19210288
224 1057635
225 895678
226 83390
227 41746
228 695951
229 19578692
230 475463
231 12543699
232 12543699
233 5995019
234 52487451
235 812150
236 5785700
237 934753
238 1219780
239 146691
240 654855
241 8095717
242 1205691
243 499254
244 1366654
245 1712926
246 6831355
247 6831355
248 1625337
249 11862328
250 10199742
251 1447507
252 25026003
253 2014749
254 128572
255 5221053
256 13806811
257 4269898
258 3466341
259 10245648
260 4404929
261 43532924
262 26602940
263 14815587
264 13329148
265 12833517
266 1382374
267 2503307
268 3928834
269 33820650
270 5619153
271 35171
272 1171187
273 1499744
274 1162056
275 2018167
276 15001306
277 414023
278 20001233
279 616767
280 3943612
281 5104441
282 2014749
283 64298189
284 5721767
285 403133
286 39941993
287 1219780
288 986087
289 331436
290 39941993
291 12772306
292 472311
293 7721625
294 43406141
295 472311
296 5886848
297 5886848
298 60144784
299 39572954
300 18082151
301 5341072
302 14522744
303 499254
304 17943805
305 17943805
306 9756388
307 217874
308 67136999
309 20458732
310 45550949
311 7756611
312 1191767
313 550550
314 812150
315 3709715
316 11026406
317 2810941
318 2503307
319 46889760
320 36846832
321 32519719
322 8199216
323 7383594
324 19671685
325 6188943
326 7314136
327 14573436
328 34318357
329 10113024
330 29938963
331 17139032
332 910753
333 20001233
334 26900553
335 5788652
336 16859033
337 16098154
338 3888272
339 4509744
340 544269
341 1151557
342 33820650
343 47747080
344 13008540
345 21095498
346 21095498
347 16810846
348 15223693
349 4381558
350 5459406
351 2584705
352 8194208
353 17206748
354 313157
355 1957636
356 10017763
357 23052011
358 2959003
359 7213358
360 991946
361 64286425
362 24209807
363 643911
364 7283253
365 23229062
366 1306044
367 10199860
368 13760298
369 20337240
370 2284279
371 31498179
372 17774650
373 1036807
374 15731369
375 15378163
376 17316042
377 904110
378 45252691
379 2151154
380 382917
381 3631320
382 10889249
383 12246093
384 8571301
385 18439
386 304014
387 13244386
388 6373663
389 10768193
390 22630711
391 52532457
392 26088464
393 18550698
394 30696987
395 49108771
396 49108771
397 18534315
398 3752598
399 13339083
400 4212769
401 16410101
402 31427850
403 125854
404 52345183
405 2497614
406 1151557
407 10428517
408 7155399
409 7129103
410 1279609
411 1279609
412 5074207
413 48620704
414 23191656
415 910753
416 5104441
417 58792
418 58792
419 38027529
420 325476
421 13952758
422 40612002
423 12436991
424 14225992
425 7935455
426 22990801
427 6854436
428 13068832
429 32885872
430 42150335
431 42150335
432 13539615
433 17095740
434 12861560
435 22727137
436 12861560
437 48173062
438 48173062
439 35532160
440 21308477
441 21308477
442 36812519
443 13350259
444 8660918
445 33144973
446 69265954
447 950990
448 7424737
449 38880871
450 38880871
451 4955081
452 4955081
453 8932430
454 4322266
455 4322266
456 5774128
457 656949
458 656949
459 6552440
460 10642337
461 14829780
462 1868861
463 2940021
464 13260205
465 1001948
466 10746735
467 11371613
468 25296042
469 22287665
470 3887684
471 26370135
472 1594443
473 1594443
474 12492961
475 64217677
476 17571232
477 1499840
478 17370722
479 38950415
480 13156555
481 9754219
482 43224659
483 15612547
484 4601720
485 5956283
486 913687
487 5029719
488 287343
489 5775024
490 11901914
491 30424731
492 30424731
493 25784779
494 810824
495 18141589
496 18141589
497 20257918
498 14196089
499 68873540
500 3669714
501 43064409
502 5475313
503 1430226
504 1430226
505 10754094
506 623360
507 275725
508 17784157
509 38254245
510 13631156
511 1994308
512 136291
513 2342391
514 5117188
515 8258238
516 4171702
517 11765448
518 706766
519 26527
520 1400023
521 229914
522 3967488
523 710255
524 463737
525 5957321
526 353625
527 17151892
528 414043
529 1112263
530 1530877
531 2772612
532 1647833
533 7946809
534 88808
535 1900612
536 348932
537 22063
538 15736910
539 234070
540 1162712
541 49262
542 567848
543 16824702
544 606831
545 9123400
546 1100749
547 1284535
548 6969686
549 32465472
550 1034716
551 12770037
552 1072079
553 175486
554 178152
555 577277
556 16018
557 144114
558 170179
559 1450614
560 70511
561 1299636
562 1766524
563 1137078
564 10539540
565 16437156
566 192142
567 19293677
568 16542
569 3376817
570 5061
571 2294279
572 2469592
573 1680977
574 161459
575 1414837
576 31743510
577 5588272
578 22060313
579 1794715
580 4445535
581 13115060
582 1130906
583 326106
584 1347381
585 592670
586 1017689
587 691628
588 3731025
589 6932348
590 726075
591 3709243
592 1192265
593 15258583
594 1184671
595 42801353
596 68852115
597 5884425
598 29939295
599 1328270
600 2322
601 5033592
602 5631154
603 1944671
604 147713
605 147713
606 35489117
607 15378163
608 41447049
609 19673623
610 3842201
611 4212769
612 10245648
613 2857425
614 26418396
615 69696480
616 7071435
617 313157
618 63230090
619 49682537
620 4885137
621 4024769
622 4024769
623 32693176
624 8978592
625 7631333
626 7631333
627 7554503
628 7554503
629 2438948
630 1934546
631 12701847
632 50957233
633 5958327
634 1162056
635 3466341
636 31855630
637 3622282
638 7935455
639 41778948
640 26394621
641 26418396
642 17370722
643 970087
644 970087
645 237848
646 13156555
647 1944671
648 23261116
649 11676116
650 12701997
651 12701997
652 13806811
653 29233334
654 55207302
655 1616493
656 16810846
657 55965441
658 36778333
659 18115514
660 4601720
661 6969686
662 52251474
663 59933997
664 17384989
665 60182666
666 35219893
667 3858537
668 62993691
669 62118171
670 26108194
671 47557976
672 23637836
673 80175015
674 70020227
675 13881409
676 722768
677 8902668
678 48745
679 8070207
680 23477882
681 15085440
682 2441454
683 8860322
684 2982775
685 145334
686 5151881
687 8536487
688 154673
689 17414894
690 1168492
691 10935663
692 3250749
693 1854968
694 705865
695 2412555
696 4301965
697 1731633
698 18271260
699 2200559
700 629055
701 2779167
702 1150989
703 431925
704 12595718
705 357237
706 65182113
707 18164633
708 12371511
709 18069263
710 1203138
711 113512
712 10793962
713 20641565
714 1610029
715 591006
716 312924
717 15054783
718 3772543
719 1284027
720 1173756
721 22500503
722 26641017
723 1175502
724 8825476
725 53421591
726 11840866
