0 17694484
1 235898105
2 85275557
3 210862308
4 149245992
5 209978505
6 317710748
7 184407708
8 241290639
9 174202881
10 259625176
11 132521902
12 59513591
13 323429879
14 100861338
15 66767716
16 299187009
17 225789158
18 237769280
19 147632853
20 142608040
21 73881633
22 108306483
23 309309252
24 273344902
25 197302051
26 308095477
27 342976563
28 220631261
29 279798933
30 41224899
31 355338942
32 111948651
33 148256876
34 231979085
35 364709562
36 171253683
37 364709680
38 302151518
39 214395959
40 40548016
41 342348654
42 203275284
43 311943693
44 298962601
45 102766243
46 69682326
47 327415570
48 326478774
49 213750290
50 236906025
51 58164050
52 100819332
53 320530616
54 115638640
55 234264883
56 341801309
57 98737077
58 190195410
59 81005397
60 102637814
61 330115166
62 26158591
63 125144382
64 59927761
65 142100322
66 206357737
67 31672281
68 221087665
69 107487327
70 89640054
71 255976510
72 221149399
73 242997892
74 283489960
75 216120352
76 270760355
77 53216101
78 204819756
79 173141042
80 346239391
81 262033470
82 221743352
83 266469326
84 139144841
85 67833813
86 187147168
87 104895713
88 336341763
89 282047155
90 183832652
91 285467887
92 358406708
93 293197344
94 212159883
95 359871517
96 48567707
97 364692210
98 324721809
99 248119968
100 309768606
101 298399034
102 351871326
103 153126681
104 340611316
105 306624030
106 314845042
107 302087651
108 285673901
109 300029842
110 272673422
111 144580190
112 330632857
113 150795097
114 320409289
115 293768170
116 132451687
117 177028639
118 118705621
119 327151594
120 36633370
121 21700699
122 21935031
123 32948863
124 29261473
125 21696302
126 107119649
127 21500692
128 277168957
129 144863525
130 174888045
131 78849439
132 14408715
133 244620269
134 333421996
135 48293060
136 48368290
137 37308474
138 164564630
139 42395733
140 65566602
141 58414589
142 243197559
143 173133291
144 4415789
145 118009182
146 186647681
147 160175680
148 58225794
149 28163761
150 52342167
151 91730359
152 44929620
153 118592594
154 246570646
155 50620708
156 50352391
157 99764044
158 159222834
159 105719457
160 111368115
161 203803065
162 42934262
163 129936360
164 82748196
165 18740094
166 58811148
167 101624655
168 33634359
169 40586793
170 75175319
171 93950385
172 86702277
173 131035472
174 71265967
175 120658002
176 16322464
177 40619595
178 50079006
179 155827033
180 137125898
181 280508180
182 124135124
183 213341872
184 163883690
185 192547145
186 73105904
187 271757813
188 23807166
189 121409745
190 129302210
191 149643249
192 58689560
193 244559237
194 213027616
195 22130396
196 291528007
197 109538134
198 124604154
199 218481618
200 200869792
201 279471437
202 231743906
203 197303330
204 273549260
205 132391637
206 292251400
207 155594566
208 170905063
209 233221780
210 287944709
211 155719302
212 59441906
213 81633389
214 92915873
215 57718544
216 42564504
217 132483809
218 271668079
219 113074579
220 91464295
221 78973713
222 105783161
223 191845986
224 127938912
225 206297369
226 48036082
227 40642353
228 88885593
229 66752052
230 169122824
231 113633555
232 89301582
233 258384967
234 248515479
235 227922042
236 78943626
237 148562326
238 81775193
239 289688709
240 55415107
241 133123527
242 160301449
243 117604273
244 285336862
245 89582465
246 111949051
247 145363676
248 188732560
249 138358272
250 127909555
251 246156914
252 105885530
253 136557426
254 223822849
255 163752109
256 292672302
257 16047008
258 147820807
259 102640622
260 42386816
261 133413486
262 49060223
263 85222744
264 297405415
265 112638718
266 136415622
267 136139555
268 157165639
269 287303418
270 167588209
271 299725788
272 140815459
273 135141195
274 131179957
275 104920600
276 152268711
277 85637349
278 135759723
279 290221991
280 150192807
281 78864895
282 133302112
283 212811345
284 155405221
285 69924695
286 67408168
287 176559065
288 73389061
289 113814990
290 132913802
291 143312625
292 223317680
293 138342976
294 287944497
295 198558224
296 63444268
297 278365376
298 195546861
299 96469293
300 103409066
301 105433771
302 123615549
303 110731348
304 56459843
305 132208503
306 88087472
307 140601269
308 124603210
309 206030601
310 192961005
311 169462140
312 218160600
313 147545625
314 67838159
315 216949821
316 147538411
317 302346717
318 108029151
319 108897108
320 328446800
321 197666598
322 156587482
323 150461140
324 248515887
325 106223403
326 47804607
327 263720563
328 148630592
329 96794900
330 145459008
331 221080680
332 150246000
333 66617499
334 157288498
335 148203203
336 207696489
337 130925879
338 210845640
339 328523845
340 132152562
341 178915613
342 70183924
343 152443784
344 239566407
345 124135164
346 307936232
347 220323146
348 147526234
349 250309447
350 178058473
351 188171622
352 284808654
353 156613374
354 163076959
355 289489712
356 166902478
357 154141900
358 129033982
359 253970427
360 163878581
361 210432112
362 157358761
363 213517609
364 171749773
365 223438171
366 92070211
367 118785109
368 277618282
369 207875843
370 286892060
371 120378544
372 124537718
373 294950762
374 277028490
375 194937559
376 202909014
377 340430822
378 65811079
379 188388910
380 101113521
381 128992393
382 175605615
383 164908150
384 94428622
385 223135025
386 135362218
387 76996275
388 54421277
389 331883137
390 155416982
391 142309047
392 169313702
393 293076045
394 191698087
395 305131984
396 150041574
397 189666593
398 169866909
399 189630370
400 295559476
401 116664957
402 22156701
403 56196286
404 272491740
405 116661837
406 298996628
407 290788769
408 252452295
409 248689752
410 89003764
411 170294027
412 136131985
413 345190564
414 323150056
415 326478744
416 320016593
417 42842873
418 131996826
419 80999389
420 288255948
421 324722237
422 113857476
423 278288874
424 296212142
425 157445528
426 200025333
427 33561489
428 78671386
