0 120 773 773 625 791 773 773 791 767 120 120 767 773 791 773 
1 120 730 773 120 791 767 583 224 120 120 224 791 583 224 773 224 583 
4 120 561 222 791 583 30 224 353 791 120 674 767 120 
5 224 224 773 773 773 120 791 224 791 583 767 224 353 513 
6 224 674 224 496 467 224 791 597 561 561 552 583 583 773 644 120 773 659 
7 120 791 773 773 513 583 791 583 
9 224 224 224 583 224 767 224 583 791 767 
12 674 583 353 514 496 767 644 624 120 120 498 120 
13 767 224 773 773 773 353 353 353 353 583 120 767 353 609 353 773 767 
14 224 224 583 30 583 30 583 583 583 583 583 583 30 30 30 
15 244 252 224 120 773 544 252 767 224 224 583 244 583 121 791 791 20 767 
16 773 773 773 773 773 583 773 583 121 773 224 498 757 120 
