0 528 528 528 625 528 528 528 528 528 528 528 528 528 528 528 
1 688 688 688 688 688 688 688 688 688 688 688 688 688 688 688 688 688 
4 121 561 121 20 121 121 20 121 121 121 624 121 121 
5 20 20 20 20 20 20 20 20 20 20 20 20 220 20 
6 688 688 688 688 688 688 688 688 688 688 688 688 688 688 688 688 688 688 
7 121 224 20 20 20 20 20 20 
9 547 547 547 547 547 547 547 547 547 547 
12 624 121 121 482 121 121 644 624 121 121 121 121 
13 389 389 389 389 389 389 389 389 389 389 787 389 389 389 389 389 389 
14 224 224 224 224 224 224 224 224 224 224 224 224 224 224 224 
15 224 252 224 224 224 224 252 224 224 224 224 224 224 121 224 224 20 20 
16 20 20 20 20 20 20 205 20 20 20 20 20 553 20 
