0 2 4 2
1 2 5 2
2 2 5 2
3 2 6 2
4 2 5 2
5 3 9 2
6 2 12 2
7 2 5 2
8 2 8 2
9 3 12 2
10 2 13 2
11 2 5 2
12 3 6 2
13 3 12 2
14 2 17 2
15 2 4 2
16 2 4 2
17 2 4 2
18 2 6 2
19 2 5 2
20 8 54 3
21 2 46 2
22 2 5 2
23 2 11 2
24 2 7 2
25 3 141 2
26 2 5 2
27 2 6 2
28 1 2 1
29 3 8 2
30 2 6 2
31 2 4 2
32 2 4 2
33 3 6 2
34 2 7 2
35 2 7 2
36 3 17 2
37 2 4 2
38 2 9 2
39 2 5 2
40 2 6 2
41 2 7 2
42 2 19 2
43 2 4 2
44 2 5 2
45 2 29 2
46 2 9 2
47 2 4 2
48 2 4 2
49 2 4 2
50 2 4 2
51 2 7 2
52 2 8 2
53 2 4 2
54 2 16 2
55 2 97 2
56 2 9 2
57 2 4 2
58 2 14 2
59 2 4 2
60 2 4 2
61 2 6 2
62 2 4 2
63 4 13 2
64 3 160 2
65 2 22 2
66 2 4 2
67 5 10 2
68 2 4 2
69 2 4 2
70 3 18 2
71 2 6 2
75 1 2 1
78 2 16 2
80 1 2 1
82 2 5 2
83 1 2 1
84 1 2 1
90 1 2 1
93 2 12 2
98 1 2 1
101 1 2 1
102 1 2 1
103 1 2 1
113 2 134 2
114 3 12 2
115 2 10 2
116 2 16 2
117 2 13 2
118 3 220 3
119 2 22 2
120 2 10 2
121 3 28 2
122 2 209 2
123 2 35 2
125 1 2 1
126 1 2 1
127 1 2 1
128 1 2 1
129 1 2 1
130 1 3 1
131 1 2 1
132 1 2 1
133 1 2 1
134 1 2 1
135 20 616 8
136 1 2 1
137 1 2 1
138 1 2 1
139 1 2 1
140 1 2 1
141 1 2 1
142 1 2 1
143 1 2 1
144 1 2 1
145 1 4 1
146 1 2 1
147 1 2 1
148 1 2 1
149 2 313 2
150 2 4 2
151 1 2 1
152 1 2 1
153 1 2 1
154 1 2 1
155 2 4 2
156 3 6 2
157 1 2 1
158 1 31 1
159 1 2 1
160 1 2 1
161 1 2 1
162 1 38 1
163 2 4 2
164 1 2 1
165 1 6 1
166 1 2 1
167 1 2 1
168 1 2 1
169 1 2 1
170 1 2 1
171 12 24 2
172 1 2 1
173 1 2 1
174 1 11 1
176 1 2 1
177 1 2 1
178 1 2 1
179 1 2 1
180 1 2 1
181 2 85 2
183 1 2 1
185 1 2 1
186 1 2 1
187 2 9 2
189 1 2 1
190 1 2 1
191 1 3 1
193 1 2 1
194 1 2 1
196 2 4 2
197 2 4 2
198 3 6 2
199 3 16 2
200 2 4 2
201 2 7 2
202 2 4 2
203 2 4 2
204 2 11 2
205 2 4 2
206 4 104 2
207 2 6 2
208 2 7 2
209 5 10 2
210 2 14 2
211 2 6 2
212 1 2 1
213 2 91 2
214 5 242 3
215 2 39 2
216 2 4 2
217 2 4 2
218 2 4 2
219 3 11 2
220 4 8 2
221 2 4 2
222 2 4 2
223 2 4 2
224 8 16 2
225 2 37 2
226 5 10 2
228 1 3 1
229 4 306 4
230 3 13 2
231 2 4 2
232 3 47 2
233 1 2 1
234 1 3 1
235 2 5 2
236 2 9 2
237 1 9 1
238 3 13 3
239 3 20 3
240 2 5 2
241 4 41 3
242 1 2 1
243 1 2 1
244 2 9 2
245 3 6 2
246 2 192 2
247 4 132 4
248 2 18 2
249 2 10 2
250 1 2 1
251 1 2 1
252 4 65 4
253 3 6 2
254 3 6 2
255 1 2 1
256 1 19 1
257 3 15 3
258 3 63 3
259 1 2 1
260 1 2 1
261 1 2 1
262 2 4 2
263 4 29 3
264 4 8 2
265 3 7 2
266 1 2 1
267 2 4 2
268 2 4 2
269 4 26 3
270 1 2 1
271 4 18 3
272 1 5 1
273 2 4 2
275 1 2 1
276 2 4 2
277 3 6 2
278 2 4 2
279 3 12 2
280 2 44 2
281 1 2 1
282 2 4 2
283 2 4 2
284 2 4 2
285 2 61 2
286 2 15 2
287 2 117 2
289 2 4 2
290 2 4 2
291 2 4 2
292 2 4 2
293 2 4 2
294 2 4 2
295 2 6 2
296 2 4 2
297 2 4 2
298 2 4 2
299 3 6 2
300 2 4 2
301 2 4 2
302 2 6 2
303 2 4 2
304 2 4 2
305 2 4 2
306 2 4 2
307 2 4 2
308 2 4 2
309 3 6 2
310 2 4 2
311 2 4 2
312 2 4 2
313 2 4 2
314 2 4 2
315 2 4 2
316 2 4 2
317 2 4 2
318 2 4 2
319 2 4 2
320 2 4 2
321 2 4 2
322 5 206 2
323 2 4 2
324 2 4 2
325 4 8 2
326 2 4 2
327 2 4 2
328 2 4 2
329 2 4 2
330 2 4 2
331 2 4 2
332 2 4 2
333 2 4 2
334 2 4 2
335 2 12 2
336 2 4 2
337 2 4 2
338 2 4 2
339 2 4 2
340 2 4 2
341 2 4 2
342 2 4 2
343 2 4 2
344 2 4 2
345 2 4 2
346 2 4 2
347 2 4 2
348 2 4 2
349 2 5 2
350 2 6 2
351 5 407 3
352 3 9 2
353 3 6 2
354 2 4 2
356 2 17 2
357 1 2 1
358 2 4 2
359 2 4 2
360 2 7 2
361 1 2 1
362 2 4 2
363 3 12 2
364 3 22 2
365 2 4 2
366 1 47 1
367 2 43 2
368 1 4 1
369 1 2 1
370 2 4 2
371 2 5 2
372 2 4 2
373 2 77 2
374 2 10 2
375 3 177 3
376 1 2 1
378 2 6 2
379 5 10 2
380 1 2 1
381 1 2 1
382 2 80 2
383 1 2 1
384 2 4 2
385 1 2 1
386 3 10 2
387 2 5 2
389 7 247 4
390 1 2 1
391 2 4 2
392 2 4 2
393 2 4 2
394 1 2 1
395 2 4 2
396 3 25 2
397 2 4 2
398 3 40 2
399 2 12 2
400 1 2 1
401 2 4 2
402 2 18 2
403 2 4 2
404 2 4 2
405 2 4 2
406 2 13 2
407 2 4 2
408 2 4 2
409 2 4 2
410 2 4 2
411 3 126 2
412 2 11 2
413 2 4 2
414 2 4 2
415 2 188 2
416 3 125 2
417 2 4 2
418 2 4 2
419 2 4 2
420 4 250 4
421 2 4 2
422 2 4 2
423 2 4 2
424 2 4 2
425 2 4 2
426 2 4 2
427 2 4 2
428 2 4 2
429 2 4 2
430 1 2 1
431 2 4 2
432 2 12 2
433 1 2 1
434 2 4 2
435 1 2 1
436 3 6 2
437 2 4 2
438 2 4 2
439 2 4 2
440 2 4 2
441 2 18 2
442 2 4 2
443 1 2 1
444 12 494 7
445 2 10 2
446 2 4 2
447 2 4 2
448 2 4 2
449 2 83 2
450 2 25 2
454 1 54 1
455 2 4 2
457 2 203 2
458 1 2 1
459 1 190 1
462 2 4 2
463 2 5 2
464 2 11 2
465 4 8 2
466 2 4 2
467 2 7 2
468 2 4 2
469 1 2 1
471 1 3 1
472 2 5 2
473 1 2 1
475 1 2 1
476 1 200 1
477 9 275 4
478 1 201 1
479 1 200 1
481 2 5 2
482 4 76 2
483 1 2 1
485 2 184 2
486 2 46 2
487 2 4 2
488 2 5 2
489 3 33 2
490 2 4 2
491 2 4 2
492 2 8 2
494 1 2 1
495 2 115 2
496 3 6 2
497 3 8 2
498 4 16 3
499 3 9 2
500 2 4 2
502 2 402 2
504 1 2 1
505 2 4 2
506 1 196 1
510 1 2 1
511 1 7 1
512 1 2 1
513 1 2 1
514 1 68 1
515 1 2 1
517 1 2 1
519 2 6 2
520 3 13 3
521 2 193 2
522 2 46 2
523 2 8 2
524 2 4 2
525 2 8 2
526 2 203 2
527 2 4 2
528 3 36 2
529 2 5 2
530 2 7 2
531 4 573 4
532 2 4 2
533 2 4 2
535 2 402 2
537 1 2 1
538 1 2 1
539 3 29 2
540 2 20 2
541 1 2 1
542 2 7 2
543 1 4 1
544 2 64 2
545 2 4 2
546 1 4 1
547 4 23 3
548 2 9 2
549 3 131 3
550 2 4 2
551 2 63 2
552 2 4 2
553 4 111 3
554 2 4 2
555 2 29 2
556 2 11 2
557 4 26 3
558 2 5 2
559 3 17 3
560 3 40 2
561 4 109 3
562 3 13 3
563 1 4 1
564 3 11 2
565 1 4 1
566 2 4 2
567 2 7 2
568 2 5 2
569 3 6 2
570 2 8 2
571 5 21 2
572 3 29 3
573 2 4 2
574 1 4 1
576 2 7 2
577 2 39 2
578 2 104 2
579 2 4 2
580 2 6 2
581 2 4 2
582 3 9 2
583 2 12 2
584 2 10 2
585 2 134 2
586 2 4 2
587 2 4 2
588 2 4 2
589 2 27 2
590 2 68 2
591 2 8 2
592 2 14 2
594 1 2 1
596 2 61 2
597 1 2 1
599 2 322 2
600 2 59 2
602 2 98 2
604 3 52 3
605 2 7 2
606 2 203 2
607 2 146 2
608 3 9 2
609 2 83 2
611 2 402 2
613 1 18 1
614 1 201 1
615 1 86 1
616 2 306 2
617 1 44 1
618 1 2 1
619 2 203 2
620 1 2 1
623 2 4 2
624 4 581 4
625 5 36 4
629 2 15 2
630 2 146 2
631 2 54 2
632 2 94 2
633 2 109 2
634 1 13 1
635 1 6 1
636 3 95 2
637 3 33 2
638 1 2 1
639 1 2 1
640 2 6 2
642 2 5 2
643 1 2 1
644 3 212 2
645 2 10 2
648 1 108 1
649 2 85 2
651 2 402 2
656 2 16 2
659 2 227 2
661 2 401 2
664 2 311 2
665 2 401 2
668 2 401 2
674 2 224 2
676 3 404 2
678 1 7 1
679 1 2 1
680 1 5 1
682 2 402 2
684 2 4 2
685 2 16 2
686 3 6 2
688 5 1002 5
690 2 401 2
694 2 10 2
695 2 6 2
698 2 207 2
706 2 4 2
707 2 4 2
708 2 4 2
709 2 4 2
710 2 4 2
711 2 4 2
712 2 4 2
713 2 4 2
714 2 4 2
715 2 4 2
716 2 4 2
717 2 4 2
718 2 4 2
719 2 4 2
720 2 4 2
721 2 4 2
722 2 4 2
723 2 4 2
724 2 4 2
725 2 4 2
726 2 4 2
728 2 402 2
730 2 398 2
732 2 4 2
733 2 4 2
734 2 9 2
735 2 121 2
737 2 4 2
738 2 4 2
739 2 7 2
740 2 13 2
741 2 160 2
744 2 12 2
745 2 4 2
746 2 78 2
747 2 4 2
748 3 23 2
749 2 4 2
757 2 4 2
762 1 2 1
763 2 4 2
764 2 7 2
766 1 2 1
767 2 8 2
768 1 2 1
769 1 2 1
770 1 2 1
771 1 2 1
772 1 2 1
773 2 5 2
774 1 2 1
775 1 2 1
776 1 2 1
777 1 2 1
778 1 2 1
779 1 2 1
780 1 12 1
781 1 2 1
782 1 2 1
783 1 2 1
784 1 2 1
787 2 4 2
791 2 4 2
792 2 4 2
793 2 4 2
794 2 4 2
795 2 4 2
796 2 4 2
797 2 4 2
798 2 5 2
799 2 4 2
800 2 4 2
801 2 4 2
802 2 4 2
803 2 10 2
804 2 16 2
805 2 4 2
806 2 4 2
807 2 4 2
808 2 4 2
809 2 4 2
810 2 4 2
811 2 16 2
812 2 4 2
813 2 4 2
814 2 4 2
815 2 4 2
816 2 4 2
817 2 4 2
818 2 4 2
819 2 4 2
820 2 4 2
821 2 4 2
822 2 4 2
823 2 4 2
824 2 4 2
825 2 4 2
826 2 4 2
827 2 4 2
828 2 4 2
829 2 22 2
830 2 4 2
831 2 4 2
832 2 4 2
833 2 4 2
834 2 4 2
835 2 6 2
836 2 4 2
837 2 4 2
838 2 4 2
839 2 9 2
840 2 4 2
841 2 4 2
842 2 4 2
843 2 4 2
844 2 4 2
845 2 4 2
846 2 4 2
847 2 4 2
848 2 4 2
849 2 4 2
850 2 4 2
851 2 4 2
852 2 4 2
853 2 4 2
854 2 6 2
855 2 4 2
856 2 6 2
857 2 4 2
858 2 4 2
859 2 4 2
860 2 23 2
861 2 4 2
862 2 4 2
863 2 4 2
864 2 4 2
865 2 4 2
866 2 4 2
867 2 4 2
868 2 4 2
869 2 4 2
870 2 4 2
