0 262 262 262 262 262 262 262 262 262 262 262 262 
1 1262 1262 1262 1262 1262 1262 1262 655 1262 1262 1262 1262 1262 1262 1262 
2 251 251 251 251 251 251 251 251 251 251 251 
3 1 202 202 202 202 202 202 202 202 202 202 202 202 202 
5 256 256 256 256 256 256 256 256 256 256 256 256 
6 251 251 251 251 251 251 251 251 251 251 
7 256 256 256 256 1471 644 256 256 256 256 256 
8 219 219 219 213 219 198 219 219 219 189 219 219 13 219 219 219 
9 189 189 189 189 189 189 189 189 189 189 189 189 
10 191 191 191 1676 191 191 191 191 219 191 191 
11 703 189 189 189 189 189 189 189 189 189 189 189 219 
12 209 209 209 209 209 209 209 209 209 209 209 209 
13 1 1 1 1 1 1 1 1 1 1 1 
14 202 202 202 202 202 202 202 202 202 202 202 202 
15 251 251 251 251 251 251 251 251 251 251 251 251 251 251 251 251 
16 1830 1830 1830 1830 1830 1830 1830 1830 1830 1830 1830 1830 1830 1830 1830 
17 251 251 251 251 251 251 251 251 251 251 251 
18 251 251 251 251 251 251 251 251 251 251 251 
19 209 209 209 209 209 209 209 209 871 209 209 209 
20 1262 1262 1262 1262 1262 1262 1262 1262 1262 1262 1262 1262 1262 1262 
21 1 457 295 1 1 1 1 1015 1 1 1 1 1 1 1 1 
22 145 145 145 145 145 145 145 145 145 145 145 145 145 145 145 145 
23 148 148 148 148 148 148 148 148 169 148 148 148 148 
25 262 262 262 262 262 262 262 262 262 262 262 
26 1262 1262 1262 1262 1262 1262 1262 1262 1262 1262 1262 1262 1262 1262 1262 1262 
27 574 574 574 574 574 574 1037 574 574 574 574 574 574 574 
28 1262 1262 1262 1262 1262 1262 1262 1262 1262 1262 1262 1262 1262 1262 1262 1830 251 1262 
29 251 251 251 251 251 251 251 251 251 
30 295 295 295 295 295 295 295 295 295 295 295 295 295 295 295 295 295 295 
31 202 202 202 202 202 202 202 617 202 202 202 202 202 202 202 202 202 
32 251 251 251 251 251 251 251 251 251 251 251 251 251 251 
33 202 202 202 202 202 202 202 202 202 202 696 202 696 202 
34 219 1750 219 219 219 219 219 219 219 219 219 219 219 
35 1 1 1 1 1 1 1 1 1 1 719 1 1 
36 1262 1262 1262 817 1262 1262 1262 1262 1262 1276 1262 1262 1262 1262 1262 
37 209 209 209 209 209 209 190 209 209 209 209 209 209 209 209 209 
38 255 255 255 255 255 155 255 255 256 255 255 255 155 255 255 255 
39 196 196 196 196 196 196 196 196 196 
40 196 196 196 196 196 196 196 196 1245 196 158 196 196 196 
41 616 616 616 616 616 616 
42 209 209 209 209 209 209 209 209 209 209 209 209 209 209 209 209 209 
43 251 251 251 251 1021 251 251 251 1646 251 251 251 251 251 251 251 251 
44 203 203 203 203 203 203 203 203 203 203 196 462 614 
46 213 213 213 213 213 213 213 213 213 213 
47 196 196 196 196 196 199 196 196 196 
48 1 1 1 1 1 1 1 1 1 1 1 1 
49 1 1 1027 1 1 1 1 1 1 1 1 1 
50 251 251 251 251 251 251 251 251 251 251 
52 251 251 251 251 251 251 251 251 251 251 251 251 251 251 251 
53 1262 1262 1262 1262 1262 1262 1262 1262 1262 1262 1262 1262 1262 1262 1262 
54 209 209 209 1750 209 209 209 209 209 209 209 
56 251 251 251 251 251 251 251 251 
57 189 189 189 189 208 189 189 189 189 1426 189 189 189 189 
58 1262 1262 1262 1262 1262 1262 1262 1262 1262 1262 1262 1262 1262 1262 1262 
59 861 861 861 861 861 861 861 861 861 861 861 861 
61 203 203 203 203 203 203 203 203 1830 203 203 203 203 203 203 203 203 1487 
62 1830 1830 1830 1830 1830 1830 1830 1830 1830 618 1830 1830 1830 1830 
64 251 251 251 251 251 251 251 251 251 1 251 251 251 
65 1919 1919 1919 1919 1919 1919 1919 1919 1919 1018 1919 1919 1919 1919 1919 
66 295 295 295 295 295 295 295 295 1 295 295 160 295 295 295 295 295 
67 314 314 314 520 314 314 314 314 314 314 314 314 256 314 314 
68 314 314 314 314 314 314 314 314 
71 204 204 204 204 204 1556 204 204 204 204 204 204 
72 191 1556 191 203 191 191 191 191 1 208 191 191 191 191 247 191 191 
73 202 202 202 202 202 199 202 202 202 209 202 1514 
74 1262 1262 369 1262 1262 1262 1262 1262 1262 1262 1262 1262 1262 1262 1262 1452 1098 
75 160 160 160 160 160 160 160 981 160 145 160 160 1883 160 160 160 160 158 160 
77 189 189 189 189 189 189 189 189 189 189 198 189 199 
78 213 213 213 1680 213 213 213 213 213 213 191 213 213 213 213 787 
79 861 861 861 861 861 861 1478 861 861 861 
80 251 251 251 251 251 251 251 251 1026 251 251 617 251 251 251 251 
82 251 251 251 12 251 251 251 251 251 165 787 251 251 251 12 251 251 
83 202 202 842 202 202 202 202 202 202 
84 251 251 251 12 251 251 251 251 251 251 251 251 251 1051 251 
85 1 1 1 1 1 1 972 1 209 1 1 1 1 1 1 
86 209 209 209 209 209 209 209 209 209 209 
87 196 196 196 196 196 196 196 196 196 196 196 196 
88 202 202 202 213 787 202 202 202 202 202 202 202 202 
89 1 1 1 1 1 1 1 1 1 
90 861 861 861 861 861 861 861 861 861 861 861 861 
91 219 219 219 219 219 219 219 219 219 219 219 219 219 219 219 
92 1262 1262 1262 1262 1262 1262 1262 1262 1262 1262 1262 1262 1262 
93 189 189 199 189 1612 189 189 1405 189 189 189 189 189 189 189 
94 202 655 202 202 198 202 202 202 202 204 202 202 202 202 202 202 
95 148 148 148 148 148 148 148 148 148 148 148 148 619 
96 247 247 461 247 247 247 719 251 247 247 247 247 
97 571 569 569 569 569 569 569 569 1168 251 574 569 861 569 
98 196 189 196 196 196 685 196 196 196 196 1597 248 196 196 218 196 
99 861 861 861 861 861 248 861 861 861 861 861 861 
100 1 1 1 1 1 1 1 1 1 462 1 1 1 1 1 1 1 
101 202 202 202 202 202 202 202 202 202 202 202 202 
102 371 371 371 371 371 371 371 371 371 
103 219 219 219 219 219 219 219 219 219 219 219 219 219 
104 251 251 251 251 251 251 251 251 251 251 
105 202 202 202 193 202 202 202 213 202 202 202 202 202 202 202 189 
107 1830 1830 1830 1830 1830 1830 1830 1830 1830 1830 1830 1830 1830 
108 371 371 371 371 371 371 371 371 369 371 
109 1957 189 189 189 189 189 189 189 189 189 352 
110 251 251 251 251 251 251 251 251 251 
111 765 765 765 765 765 765 765 765 765 765 765 765 765 769 765 765 
