0 1830 1830 1830 1830 1830 1830 1830 262 1830 1830 1830 1830 
1 1830 1830 1830 1830 1830 248 1830 1830 202 1830 1830 885 1830 1830 1830 
2 1136 1830 202 1830 1830 1830 1830 1830 1830 1830 1830 
3 1830 202 1830 1830 1830 202 202 1830 202 1830 1830 1830 1830 1830 
5 876 1830 1830 202 1830 1830 1830 1830 1830 1830 1830 1830 
6 1994 1994 1994 1994 1994 1994 1994 1994 1994 1994 
7 1830 1830 1830 1830 1471 1567 1830 202 1830 1830 1830 
8 1830 1134 1830 735 1830 1830 262 1830 876 1830 1830 1830 1830 1830 1830 1830 
9 202 1830 1830 1830 1830 652 1830 1830 1830 1830 1830 1830 
10 1830 1830 1830 1677 1830 1830 1830 1830 1830 1830 1830 
11 1830 1830 189 876 202 1830 1830 1830 1830 1830 1830 1830 351 
12 1830 1830 769 209 1830 1830 202 1830 1830 1830 1830 1830 
13 2030 2030 2030 2030 2030 2030 2030 2030 2030 2030 2030 
15 202 1830 1830 1830 202 1830 1830 1830 1830 202 1830 1830 1830 876 1830 1830 
17 1830 1830 1830 1830 1830 1830 1830 1830 248 1830 1830 
19 876 1830 1830 1830 1830 1830 202 1830 871 1830 1830 1830 
20 1830 1830 1830 1830 1830 1830 1830 1830 1830 1830 1830 1830 1830 420 
21 1830 1830 308 1830 1830 203 1830 1015 876 1830 1830 262 1830 1830 1830 202 
22 202 145 1830 1830 1830 1830 1830 1830 1830 202 1830 1830 202 1830 1830 1830 
23 1830 1830 1830 1830 1830 1830 1830 1830 1245 1830 1830 1830 202 
25 1830 1830 1830 1830 1830 1830 262 1830 1830 1830 1830 
26 1830 1830 1830 1830 202 1830 262 1830 1830 1830 876 262 1830 1830 876 202 
27 1830 1830 1830 1830 1830 202 1830 1830 204 1830 1830 1830 189 202 
28 1830 1830 1830 1830 1830 1830 1830 1830 420 1830 1830 1830 1830 262 1830 1830 251 1830 
29 1830 1830 1830 1830 993 1830 251 1830 1830 
30 1830 1830 1830 1830 1830 308 1830 1830 1830 1830 1830 1830 1830 1830 1830 1830 1830 1830 
31 1830 1830 1830 1830 1830 1830 1830 203 1830 1830 1830 1830 1830 1830 1830 202 1830 
32 1994 1994 1994 1994 1994 1994 1994 1994 1994 1994 1994 1994 1994 1994 
33 1830 1830 202 1830 1830 1830 1830 1830 1830 1830 696 1830 696 1830 
34 1830 1750 1830 1830 1830 1830 1830 1830 1830 1830 352 1830 1830 
35 1830 1830 1830 1830 1830 1830 1830 1830 1830 1830 720 1830 1830 
36 1830 885 1830 817 876 1830 1830 1830 1830 611 1830 1830 1830 876 1830 
37 1830 1830 1830 1830 202 1830 769 1830 1830 1830 1830 1830 207 202 1830 1830 
38 1830 1830 690 1830 1830 1830 1830 1830 1830 1830 1830 1830 1830 690 690 1830 
40 202 1830 1830 1830 1830 1305 202 1830 1245 1830 158 1830 1830 1830 
41 1830 1830 1830 1830 1830 903 
42 1830 1830 1830 1830 1830 1830 1830 202 1830 1830 1830 1830 207 1830 1830 1830 1830 
43 876 1830 1830 202 1830 1830 1830 160 1646 993 202 1830 202 1830 1830 876 1830 
44 1830 1830 1830 1830 1830 1830 1830 202 1830 1830 1830 786 1830 
46 1830 1830 1830 1830 1830 1830 1830 1830 202 1830 
47 1830 1830 1830 1830 1830 769 1830 1830 1830 
48 2030 2030 2030 2030 2030 2030 2030 2030 2030 2030 2030 2030 
49 1830 202 1830 1830 1830 1830 1830 1830 1830 1830 1830 1830 
52 2000 2000 2000 2000 2000 2000 2000 2000 2000 2000 2000 2000 2000 2000 2000 
53 1830 1830 1830 1830 1830 1830 885 1830 1830 1830 262 1830 1830 1830 1830 
54 1830 1830 1830 1750 1830 1830 209 1830 1830 1830 1830 
56 1994 1994 1994 1994 1994 1994 1994 1994 
57 1830 1830 1830 1830 1830 1830 1830 1830 1830 1426 1830 1830 1830 202 
58 1830 1830 1830 1830 1830 1830 1830 1830 1830 202 1830 1830 876 1830 202 
59 1830 1830 1830 1830 819 1830 1830 1830 1830 1830 1830 1830 
61 1830 1830 202 1830 1830 1830 1830 1830 1830 1830 1830 1830 1830 1830 1830 1830 1830 1487 
62 1830 1830 1830 1830 1830 1830 1830 1830 1830 202 1830 1830 1830 1830 
64 1830 1830 1830 1830 1830 1830 1830 1830 1830 204 1830 1830 1830 
65 1830 1830 1830 262 1830 1830 1830 1830 1830 94 1830 1830 1830 1919 1830 
66 1830 202 1830 1830 1830 1830 1830 1830 204 1830 1830 1830 196 1830 1830 1830 1830 
67 1830 1830 1830 1830 1830 1830 1830 1830 1830 830 1830 1830 1830 1679 1830 
71 1830 1830 1830 1830 202 765 1830 1830 1830 1830 1830 1830 
72 1830 1134 202 203 1830 1830 1830 1830 970 731 1830 1830 1830 202 262 1830 189 
73 1830 1830 1830 1830 1830 1830 1830 1830 1830 1514 1830 1514 
74 371 1134 1830 1830 1830 1830 1830 1830 1830 1830 1830 1830 1830 1830 1830 1452 94 
75 1830 1830 202 1830 1830 1830 1830 1747 160 1830 1830 1830 94 1830 1830 1830 1830 158 1830 
77 1830 1830 196 1830 1830 1830 1830 204 1830 1830 652 1830 1830 
78 1830 196 1830 1680 1830 202 1830 1830 652 1830 262 652 1830 1830 1830 786 
79 1830 1830 1830 1830 1830 1830 903 1830 1830 1830 
80 202 1830 1134 1830 1830 1830 1830 1830 1026 1830 1830 203 1830 1830 1830 1830 
82 1830 1136 1830 12 769 1830 1830 1830 1830 1830 1830 1830 1830 196 1405 1830 1830 
83 1830 1830 842 202 1830 1830 1830 1830 1830 
84 1830 1830 1830 1830 1830 1830 1830 1830 993 202 1830 1830 262 1163 1830 
85 876 1830 1830 1830 1830 1830 972 1830 209 1830 1830 1830 202 1830 1830 
86 1134 202 769 1830 1245 1830 1830 202 765 1830 
88 1830 1830 1830 1830 196 1830 202 1830 1830 1830 1830 1830 1830 
90 1830 1830 1830 1830 1830 1830 1830 1830 1830 164 1830 1830 
91 1830 1830 1830 1830 1830 1830 1830 1830 1134 1830 1830 1830 1830 1830 1830 
92 1830 1830 1830 1830 1830 1830 1830 1830 1830 1830 1830 1830 262 
93 769 1830 1830 1830 1612 1830 1830 1405 769 1830 1830 1830 1830 1830 1830 
94 1830 1830 1830 1830 1830 1830 1830 1830 1830 204 1830 1830 1830 1830 1830 1830 
95 1830 1830 203 1830 1830 1830 202 1830 1830 1830 202 1830 94 
96 202 1830 461 1830 1830 1830 721 1830 1830 1830 1830 1830 
97 876 1830 1830 1830 1830 1830 1830 1830 1919 1830 769 1830 876 1830 
98 1830 1830 1830 1830 1830 1830 1830 1830 94 1830 1597 202 1830 1830 262 1830 
99 1830 1830 1830 1830 1830 202 1830 1936 1830 1830 1830 1830 
100 1830 1830 1830 1830 1830 1830 993 204 1830 1830 1830 1830 1830 1830 1830 1830 1830 
101 1830 1830 1830 1830 1830 1830 1830 1830 202 1830 1830 202 
102 1830 1830 202 1830 1830 1830 1830 1830 202 
103 1830 1830 1830 1830 1830 1830 1830 1830 1830 1830 1830 1830 876 
104 1936 1830 1830 1830 1830 1830 1830 1830 1830 1830 
105 1830 1830 202 652 1830 1830 1830 1936 1830 1830 1830 1830 1830 1830 202 1830 
108 371 1830 876 371 1830 1830 1830 1830 1830 1830 
109 1770 189 1830 1830 1830 1830 1830 1830 876 1830 1830 
110 1994 1994 1994 1994 1994 1994 1994 1994 1994 
111 769 1830 1830 769 769 1830 1830 1830 769 1830 1830 765 769 652 769 652 
