0 1445 369 1220 1445 369 396 369 154 369 971 682 1445 
1 791 155 396 369 980 145 971 352 682 369 369 885 791 369 396 
2 1919 369 903 396 1445 165 165 369 154 369 682 
3 369 682 369 1445 158 161 154 682 12 369 369 369 396 369 
5 155 369 1445 396 396 154 369 369 369 369 154 154 
6 369 369 1445 369 682 369 369 1445 971 369 
7 369 369 369 369 1471 1567 369 682 154 971 369 
8 396 154 1445 854 1178 1386 218 682 682 369 369 1445 1310 1477 971 369 
9 369 369 369 369 369 1919 1477 369 369 971 369 1445 
10 369 369 369 1677 971 154 971 369 939 369 155 
11 791 369 611 682 682 369 369 396 369 369 369 369 351 
12 1055 1469 769 209 369 1445 145 369 369 1445 369 1445 
13 154 369 1445 791 396 369 369 971 682 12 1445 
14 154 369 158 971 369 1445 154 369 369 971 369 971 
15 369 369 791 369 396 369 971 154 369 369 154 682 154 369 369 369 
16 1469 903 145 154 154 396 1919 369 1576 154 396 369 155 154 369 
17 154 369 1445 1445 396 369 369 791 145 791 1055 
18 154 369 791 369 369 369 369 369 369 1445 971 
19 155 369 369 1445 396 791 369 971 756 971 682 1445 
20 154 791 396 369 154 369 971 369 682 369 369 369 369 419 
21 396 682 308 1445 1445 12 369 1015 158 369 154 396 791 971 1445 452 
22 154 145 369 369 369 1445 971 154 369 165 396 369 154 155 154 1445 
23 154 791 971 396 369 971 1445 1445 1245 369 369 369 155 
25 1445 682 791 369 396 369 382 369 154 369 154 
26 396 369 971 515 369 369 369 682 1445 154 155 352 515 1295 369 154 
27 369 369 1445 369 159 94 456 369 682 369 682 369 369 154 
28 369 369 396 1445 971 352 154 396 682 369 1576 155 369 515 971 1830 251 682 
29 1445 369 971 369 996 971 830 971 369 
30 396 515 154 369 515 308 154 154 396 369 154 369 369 369 396 369 369 154 
31 971 369 369 980 971 787 369 617 369 369 369 791 783 369 369 1 971 
32 1469 971 154 971 369 971 369 369 369 369 1445 369 369 369 
33 369 971 682 971 369 682 369 1301 154 369 696 971 696 682 
34 154 1750 971 12 791 396 369 396 154 682 352 1445 369 
35 369 1445 369 791 682 369 154 162 369 369 699 369 154 
36 369 885 1530 817 682 791 1445 611 154 611 1445 369 369 145 791 
37 369 369 369 369 783 369 145 971 369 1445 971 369 971 190 1445 682 
38 369 809 690 396 791 154 369 682 369 1445 369 1445 154 690 690 154 
39 1445 791 396 369 352 369 396 682 1445 
40 12 369 1445 809 396 792 369 1445 1245 369 158 155 154 682 
41 369 903 682 369 396 903 
42 369 369 369 369 971 1445 369 190 1445 154 369 165 1487 369 971 12 369 
43 369 369 369 682 1301 369 369 145 1646 1254 456 369 369 682 369 369 369 
44 1445 369 369 1386 369 1445 971 369 396 791 145 786 1827 
46 369 369 369 369 971 190 971 369 154 369 
47 158 369 791 396 1019 859 369 682 1445 
48 369 971 791 396 369 369 369 971 682 1576 154 1445 
49 1250 682 1027 1445 791 396 1445 369 1445 682 1445 1445 
50 369 682 369 1445 396 154 1445 369 369 369 
52 369 682 1445 682 154 369 396 396 682 369 369 1477 456 1445 369 
53 1576 971 791 369 165 369 885 369 369 682 154 369 154 369 1445 
54 369 1445 369 1750 971 369 209 369 1445 369 971 
56 369 971 369 369 369 369 369 971 
57 1469 971 369 971 155 791 369 369 1445 1426 369 971 971 154 
58 971 396 456 396 369 396 369 154 515 369 682 154 155 1445 154 
59 369 369 369 369 1633 396 369 369 369 971 1445 154 
61 1469 369 971 369 369 971 1445 369 1830 791 396 369 1386 369 791 369 145 1487 
62 369 369 791 1830 515 682 369 369 369 682 396 155 452 369 
64 1445 369 791 369 396 369 369 1445 1445 204 154 369 1445 
65 1445 1445 971 1919 369 396 971 369 1679 94 791 369 369 1919 971 
66 971 155 396 515 369 369 369 1445 204 369 456 154 824 154 369 786 155 
67 791 936 809 682 154 154 154 94 369 830 369 154 456 1679 369 
68 369 1445 369 369 369 154 369 94 
71 369 369 369 369 682 1555 1445 809 682 1801 1445 971 
72 369 770 369 94 369 369 971 971 1442 1794 791 369 369 682 154 369 591 
73 369 369 1445 369 791 369 369 369 1469 1514 369 1514 
74 682 1576 369 396 154 369 682 1445 1445 682 369 369 369 155 369 431 1217 
75 1576 369 12 682 12 155 369 1747 1747 682 791 996 1576 154 154 154 369 158 396 
77 369 682 830 1445 971 369 369 682 369 1445 154 369 1180 
78 369 830 971 1680 369 190 369 369 1919 1445 1576 154 190 369 682 786 
79 369 154 1445 971 396 154 903 154 369 396 
80 1679 369 859 369 369 369 1445 971 1026 369 369 617 369 369 1445 369 
82 158 1919 396 12 195 971 154 369 971 369 786 971 369 145 226 1445 154 
83 369 158 1757 396 396 971 369 369 1445 
84 1445 971 396 682 396 369 369 1445 145 396 396 369 154 1163 369 
85 369 971 369 396 971 369 972 369 209 369 396 369 396 369 682 
86 854 971 769 369 1245 1445 396 682 830 1361 
87 369 369 1445 369 809 369 154 369 154 1445 971 369 
88 1361 1445 971 1078 1919 682 682 369 12 396 369 369 1445 
89 396 369 369 396 791 396 682 396 1445 
90 369 1445 158 791 369 369 1301 369 369 369 369 971 
91 1445 154 791 369 369 1445 971 369 1094 158 369 369 369 369 369 
92 369 791 396 369 971 1445 682 1445 154 369 369 369 396 
93 195 369 456 1445 1612 971 369 1405 859 369 859 369 369 1477 165 
94 682 903 396 369 456 369 971 971 369 204 369 190 369 154 165 786 
95 1469 165 617 155 369 1445 396 396 971 369 369 369 456 
96 682 369 461 369 193 369 699 1801 1445 369 12 369 
97 876 369 682 971 1469 369 165 1445 1919 155 1919 154 1323 1809 
98 767 369 611 369 190 859 971 396 154 369 1597 396 154 369 396 369 
99 369 1445 971 369 369 1180 369 1094 859 971 369 1361 
100 971 396 971 971 369 369 996 204 1919 456 158 369 154 971 369 369 786 
101 1445 971 1445 396 1323 369 369 1469 1361 369 369 611 
102 369 369 369 369 682 155 682 971 369 
103 791 154 369 971 369 682 1801 369 369 369 1445 369 1323 
104 1679 1445 369 369 369 396 791 369 369 515 
105 369 369 928 193 369 369 369 1100 369 369 1252 369 369 809 154 515 
107 369 155 12 971 369 515 369 369 369 971 456 190 369 
108 1085 154 145 655 369 396 980 369 369 369 
109 1770 112 369 1019 369 369 1445 369 154 1445 352 
110 369 1469 1445 369 369 369 369 369 971 
111 769 791 369 1361 1361 193 369 369 1361 369 971 770 1919 154 1555 154 
