0 2 4 2
1 7 137 2
2 1 4 1
3 3 6 2
4 2 5 2
5 2 5 2
6 2 6 2
7 2 4 2
8 2 4 2
9 2 40 2
10 2 4 2
11 2 4 2
12 3 65 2
13 2 19 2
14 1 3 1
15 2 4 2
16 2 9 2
17 2 6 2
18 1 76 1
20 2 4 2
21 2 4 2
22 2 4 2
23 2 148 2
24 2 4 2
25 2 4 2
26 2 4 2
27 2 4 2
28 2 4 2
29 2 4 2
30 2 4 2
31 2 4 2
32 2 4 2
33 2 84 2
34 2 4 2
35 2 4 2
36 2 4 2
37 2 4 2
38 2 4 2
39 2 4 2
40 2 4 2
41 3 17 2
42 2 4 2
43 2 4 2
44 2 4 2
45 2 4 2
46 2 31 2
47 2 4 2
48 2 4 2
49 2 4 2
50 2 19 2
51 2 4 2
52 2 4 2
53 2 67 2
54 2 4 2
55 2 4 2
56 2 4 2
57 2 4 2
58 2 4 2
59 2 4 2
60 2 4 2
61 2 4 2
62 2 4 2
63 2 4 2
64 2 4 2
65 2 4 2
66 2 4 2
67 2 4 2
68 2 4 2
69 2 4 2
70 2 4 2
71 2 4 2
72 2 4 2
73 2 4 2
74 2 4 2
75 2 4 2
76 2 4 2
77 2 4 2
78 2 4 2
79 2 4 2
80 2 4 2
81 2 4 2
82 2 4 2
83 2 4 2
84 2 4 2
85 2 4 2
86 2 4 2
87 2 4 2
88 2 4 2
89 2 4 2
90 2 4 2
91 2 4 2
92 2 4 2
93 2 4 2
94 3 40 3
95 2 4 2
96 2 4 2
97 2 8 2
98 2 4 2
99 2 4 2
100 2 4 2
101 2 4 2
102 2 4 2
103 2 4 2
105 1 4 1
106 24 187 4
107 1 2 1
108 1 3 1
110 1 2 1
111 1 201 1
112 1 3 1
113 1 8 1
114 3 186 3
115 1 11 1
117 2 56 2
118 1 3 1
119 1 201 1
120 1 4 1
121 2 7 2
122 1 2 1
123 1 9 1
126 1 2 1
127 3 6 2
128 1 2 1
129 1 5 1
130 1 201 1
131 3 12 2
132 1 7 1
133 1 9 1
134 1 4 1
135 1 2 1
136 1 3 1
138 2 11 2
139 1 6 1
140 2 30 2
141 2 14 2
142 2 52 2
143 2 209 2
144 2 8 2
145 3 19 2
146 1 20 1
148 2 10 2
149 2 4 2
150 2 4 2
151 1 2 1
152 2 5 2
153 2 21 2
154 2 4 2
155 2 4 2
156 3 16 2
157 1 2 1
158 2 4 2
159 2 4 2
160 4 266 3
161 3 6 2
162 2 27 2
163 2 203 2
164 3 267 3
165 2 4 2
166 2 4 2
167 2 4 2
168 4 221 3
169 2 9 2
170 2 6 2
171 1 2 1
172 2 24 2
174 1 178 1
176 1 2 1
177 1 2 1
180 13 43 4
182 3 159 2
183 1 7 1
184 1 79 1
185 1 6 1
187 3 39 2
188 2 5 2
189 7 48 3
190 2 21 2
191 5 210 2
192 2 9 2
193 2 90 2
194 2 23 2
195 2 4 2
196 5 32 3
197 3 108 3
198 2 4 2
199 3 6 2
200 2 6 2
201 2 7 2
202 6 146 5
203 4 267 4
204 5 742 4
205 2 5 2
206 1 2 1
207 4 350 4
208 3 8 2
209 3 25 2
210 2 8 2
211 2 14 2
212 26 3897 21
213 4 48 2
214 2 4 2
215 1 2 1
216 1 3 1
217 2 172 2
218 3 7 2
219 5 10 2
221 2 38 2
222 1 5 1
223 1 2 1
224 2 4 2
226 2 4 2
227 1 2 1
228 1 2 1
229 2 73 2
230 3 6 2
231 2 8 2
232 2 190 2
233 2 7 2
234 2 21 2
236 2 77 2
237 1 64 1
238 2 216 2
239 3 21 2
240 3 8 2
241 1 2 1
242 2 24 2
243 2 146 2
245 2 208 2
246 30 498 10
247 3 193 2
248 3 46 3
249 4 14 2
250 1 161 1
251 7 316 3
252 2 4 2
253 1 2 1
255 4 23 2
256 5 27 3
257 3 263 2
258 2 4 2
259 2 4 2
260 1 39 1
261 1 2 1
262 5 32 4
263 1 2 1
265 1 16 1
266 1 2 1
267 1 2 1
268 1 2 1
269 1 2 1
271 2 39 2
272 2 5 2
273 2 4 2
274 2 5 2
275 2 4 2
276 2 5 2
277 2 6 2
278 2 12 2
279 2 11 2
280 2 5 2
281 2 5 2
282 2 6 2
283 2 7 2
284 2 7 2
285 2 6 2
286 3 15 2
287 2 5 2
288 2 8 2
289 2 4 2
290 2 5 2
291 2 7 2
292 2 186 2
293 2 12 2
294 2 5 2
295 2 6 2
296 3 7 2
297 2 5 2
298 2 4 2
299 2 6 2
300 2 4 2
301 2 13 2
302 2 6 2
303 2 6 2
304 2 5 2
305 2 8 2
306 2 4 2
307 2 5 2
308 2 52 2
309 2 5 2
310 2 6 2
311 2 6 2
312 2 30 2
313 1 3 1
314 3 9 2
315 2 10 2
317 3 6 2
319 1 3 1
320 1 2 1
321 1 16 1
322 1 2 1
324 1 3 1
326 1 2 1
327 1 200 1
328 1 2 1
330 1 193 1
332 1 8 1
334 1 2 1
335 1 88 1
336 1 5 1
337 1 2 1
338 1 2 1
339 1 112 1
340 1 2 1
341 1 2 1
342 1 2 1
343 1 2 1
345 2 126 2
346 1 9 1
348 2 203 2
350 1 2 1
351 2 7 2
352 6 185 2
353 1 2 1
354 1 21 1
355 1 2 1
356 2 180 2
357 1 180 1
358 3 203 2
359 2 7 2
361 1 174 1
362 2 4 2
363 2 4 2
364 2 5 2
365 2 4 2
366 2 4 2
367 2 104 2
368 2 4 2
369 2 6 2
370 2 5 2
371 5 51 3
372 2 4 2
373 2 4 2
374 2 4 2
375 2 6 2
376 3 28 2
377 2 4 2
379 1 5 1
380 2 5 2
381 1 2 1
382 2 9 2
383 2 4 2
384 1 8 1
385 2 196 2
388 1 201 1
389 1 201 1
390 1 3 1
391 1 3 1
392 1 2 1
393 1 16 1
394 1 5 1
395 1 2 1
396 1 2 1
397 1 2 1
398 1 31 1
399 1 4 1
400 1 3 1
401 1 5 1
402 2 4 2
404 2 400 2
405 1 2 1
406 1 2 1
407 1 2 1
409 1 2 1
410 1 2 1
412 1 2 1
413 1 2 1
415 2 402 2
417 1 2 1
418 3 7 2
419 2 4 2
420 3 72 3
421 1 2 1
422 13 234 2
423 2 50 2
424 2 10 2
425 2 6 2
426 2 8 2
427 2 4 2
428 1 180 1
429 2 5 2
431 1 191 1
432 2 6 2
433 1 2 1
434 1 4 1
436 1 2 1
439 1 5 1
441 1 2 1
443 1 2 1
445 1 2 1
446 2 4 2
447 2 16 2
448 2 4 2
449 2 4 2
450 1 68 1
451 1 15 1
452 1 116 1
454 2 5 2
455 1 11 1
456 2 204 2
457 2 5 2
458 1 3 1
459 1 11 1
460 1 3 1
461 2 4 2
462 3 56 2
463 2 8 2
464 2 146 2
465 2 5 2
466 2 9 2
468 1 2 1
469 1 2 1
470 1 2 1
471 1 2 1
472 1 2 1
473 1 2 1
474 1 2 1
475 1 2 1
476 1 2 1
477 1 2 1
478 1 2 1
479 1 3 1
480 1 2 1
481 1 2 1
482 1 2 1
483 1 2 1
484 2 8 2
485 1 2 1
486 1 2 1
487 1 2 1
488 2 11 2
489 2 4 2
490 1 2 1
491 1 2 1
492 1 2 1
493 1 2 1
496 1 200 1
497 7 19 2
498 1 6 1
499 1 2 1
501 2 141 2
502 2 54 2
503 2 17 2
505 1 2 1
506 1 2 1
507 1 7 1
508 1 2 1
509 1 3 1
510 1 12 1
511 1 2 1
512 1 50 1
514 2 181 2
515 2 9 2
516 2 4 2
517 2 5 2
518 1 3 1
519 2 194 2
520 2 5 2
522 1 4 1
523 1 2 1
524 1 2 1
525 1 182 1
528 1 201 1
532 1 2 1
533 1 4 1
539 1 2 1
541 1 196 1
542 2 58 2
544 2 4 2
546 1 9 1
547 2 14 2
550 1 2 1
551 1 116 1
552 1 3 1
554 1 2 1
558 1 9 1
559 2 4 2
560 1 67 1
561 1 2 1
563 10 25 2
564 2 207 2
565 5 11 2
566 2 6 2
567 2 23 2
569 3 7 2
570 2 21 2
571 2 6 2
572 2 192 2
573 2 6 2
574 3 304 2
575 3 183 2
577 2 8 2
578 2 4 2
579 4 63 3
580 2 6 2
581 1 2 1
582 2 4 2
583 2 4 2
584 2 116 2
585 2 196 2
586 2 14 2
587 1 2 1
589 1 3 1
590 1 201 1
591 1 2 1
592 1 201 1
593 4 400 2
594 1 2 1
595 1 2 1
597 2 401 2
598 2 200 2
599 2 13 2
600 1 201 1
601 1 2 1
602 1 2 1
603 1 7 1
604 1 2 1
605 1 201 1
606 1 121 1
611 2 8 2
612 2 113 2
613 2 5 2
614 2 4 2
615 2 4 2
616 3 30 2
617 3 8 2
618 2 7 2
619 2 204 2
620 2 4 2
621 2 5 2
623 2 104 2
625 3 161 2
626 3 196 2
627 1 2 1
629 1 2 1
630 2 78 2
631 2 7 2
632 2 11 2
633 2 5 2
634 2 7 2
635 2 197 2
636 1 3 1
637 2 4 2
642 1 179 1
644 3 10 2
645 2 215 2
646 2 6 2
647 1 3 1
648 3 15 3
650 2 10 2
651 4 54 3
652 5 866 5
654 2 36 2
655 2 4 2
656 2 4 2
657 2 4 2
658 3 17 3
659 2 19 2
660 2 195 2
661 2 70 2
662 2 6 2
663 3 6 2
664 2 4 2
665 2 96 2
666 2 10 2
667 2 11 2
668 2 9 2
669 2 5 2
670 1 15 1
671 3 8 2
674 1 6 1
675 1 43 1
676 1 6 1
677 1 6 1
678 1 5 1
679 2 224 2
681 2 123 2
682 2 30 2
683 2 106 2
685 2 7 2
686 2 402 2
688 2 385 2
690 2 53 2
692 2 6 2
694 1 196 1
696 2 4 2
697 1 2 1
698 2 4 2
699 1 2 1
700 3 206 2
701 1 2 1
703 2 11 2
706 1 2 1
708 1 7 1
709 1 2 1
711 1 3 1
712 2 205 2
713 2 12 2
714 2 14 2
715 2 10 2
716 2 5 2
717 1 70 1
718 1 3 1
719 2 15 2
720 3 200 3
721 3 68 3
723 1 2 1
724 3 200 2
725 1 2 1
726 3 8 2
727 1 2 1
729 2 4 2
730 1 2 1
731 3 603 3
733 1 2 1
734 1 200 1
735 4 579 3
736 1 2 1
737 1 2 1
738 1 2 1
739 1 2 1
740 2 391 2
741 1 6 1
742 1 3 1
743 1 2 1
744 1 2 1
745 1 2 1
746 1 2 1
747 2 4 2
748 1 2 1
749 1 2 1
750 1 2 1
751 1 2 1
752 1 2 1
753 1 201 1
754 1 201 1
755 1 2 1
756 1 2 1
757 1 2 1
758 1 2 1
759 1 7 1
760 2 203 2
761 1 2 1
762 1 201 1
763 1 36 1
765 3 381 3
766 2 84 2
767 2 157 2
768 2 5 2
769 5 548 4
770 2 131 2
772 1 2 1
773 1 11 1
775 1 3 1
777 1 2 1
779 1 3 1
781 2 4 2
782 2 4 2
783 2 247 2
785 1 10 1
786 2 14 2
787 2 96 2
788 2 38 2
790 1 172 1
791 1 2 1
792 2 12 2
796 1 3 1
797 2 303 2
798 1 3 1
799 2 8 2
800 2 5 2
801 1 3 1
802 3 10 2
803 2 62 2
804 2 16 2
805 2 172 2
806 2 13 2
808 2 12 2
809 2 4 2
810 3 201 2
811 2 4 2
812 2 4 2
813 2 12 2
814 2 4 2
815 1 2 1
816 2 4 2
817 2 10 2
818 2 4 2
819 4 209 3
820 2 196 2
821 2 5 2
822 2 223 2
823 2 4 2
824 3 8 2
826 3 202 2
827 2 394 2
828 4 48 2
830 2 204 2
831 1 2 1
833 1 2 1
834 1 2 1
835 2 5 2
837 1 2 1
838 2 28 2
839 1 2 1
840 1 2 1
841 4 203 2
842 2 4 2
843 2 116 2
844 2 4 2
845 2 236 2
846 1 3 1
847 2 43 2
848 1 2 1
849 2 7 2
850 2 29 2
851 2 40 2
852 2 6 2
853 1 39 1
854 6 14 2
857 2 204 2
858 2 18 2
859 2 4 2
860 2 28 2
861 7 17 2
862 2 254 2
863 2 4 2
864 2 20 2
865 2 7 2
866 2 110 2
867 3 7 2
869 2 4 2
870 2 6 2
871 4 210 2
873 2 5 2
874 3 156 2
875 2 4 2
876 6 32 4
878 2 7 2
879 2 4 2
880 3 89 2
881 2 10 2
882 2 58 2
883 2 4 2
884 2 4 2
885 2 149 2
886 1 85 1
887 2 143 2
888 2 4 2
889 2 4 2
890 2 42 2
893 1 5 1
894 1 2 1
895 1 5 1
896 1 2 1
898 1 4 1
900 1 5 1
901 2 7 2
902 2 210 2
903 2 13 2
905 2 16 2
906 2 90 2
907 2 35 2
908 2 203 2
909 2 129 2
910 2 45 2
911 2 196 2
912 2 202 2
913 2 7 2
915 2 402 2
917 1 4 1
918 2 6 2
919 4 202 2
921 1 2 1
922 1 2 1
924 2 203 2
926 2 98 2
927 3 507 3
928 2 13 2
931 1 201 1
932 1 2 1
933 1 134 1
934 1 2 1
935 1 201 1
936 1 2 1
937 1 26 1
939 1 30 1
940 1 3 1
941 1 33 1
942 1 2 1
943 2 195 2
944 2 31 2
945 1 4 1
947 2 4 2
948 2 4 2
950 2 4 2
951 2 4 2
952 3 206 2
953 2 244 2
954 3 98 2
955 2 195 2
956 1 2 1
957 2 4 2
959 2 4 2
960 1 198 1
962 2 216 2
963 2 9 2
964 2 204 2
965 2 6 2
966 3 211 3
967 2 199 2
968 2 18 2
969 3 169 2
970 4 405 3
971 1 10 1
972 2 15 2
973 1 4 1
974 2 234 2
975 2 7 2
976 3 24 2
977 1 4 1
978 2 9 2
980 1 6 1
981 2 14 2
982 2 158 2
984 1 2 1
985 1 30 1
986 1 43 1
987 1 2 1
988 1 2 1
989 1 22 1
990 2 15 2
992 1 110 1
993 5 406 5
994 2 4 2
995 2 4 2
996 2 4 2
997 2 9 2
998 2 5 2
999 2 4 2
1000 2 4 2
1001 2 4 2
1002 2 4 2
1003 2 33 2
1004 2 4 2
1005 2 4 2
1006 2 5 2
1007 2 4 2
1008 2 4 2
1009 2 4 2
1010 2 4 2
1011 2 5 2
1012 2 4 2
1014 2 4 2
1015 3 402 2
1016 2 20 2
1017 2 120 2
1018 2 68 2
1019 1 2 1
1020 2 4 2
1021 2 4 2
1022 2 4 2
1023 2 196 2
1024 2 203 2
1025 2 6 2
1026 2 9 2
1027 3 201 2
1028 2 156 2
1029 1 2 1
1030 1 2 1
1031 2 4 2
1033 2 203 2
1034 2 203 2
1035 2 71 2
1036 2 229 2
1037 2 11 2
1038 1 2 1
1039 2 10 2
1040 2 185 2
1041 1 2 1
1042 2 203 2
1043 2 4 2
1044 2 4 2
1045 2 90 2
1046 2 30 2
1047 2 203 2
1048 2 43 2
1050 1 6 1
1051 2 221 2
1052 2 17 2
1053 3 11 2
1055 2 4 2
1056 2 21 2
1057 2 105 2
1058 2 4 2
1059 3 7 2
1060 2 4 2
1061 2 4 2
1062 2 196 2
1063 2 129 2
1064 2 218 2
1065 2 4 2
1066 2 4 2
1067 2 63 2
1068 2 4 2
1070 2 186 2
1071 2 4 2
1072 2 50 2
1073 2 124 2
1074 1 2 1
1075 2 19 2
1077 3 402 2
1078 2 402 2
1080 2 9 2
1081 2 197 2
1083 2 209 2
1084 2 4 2
1085 2 4 2
1086 1 2 1
1087 2 18 2
1089 2 216 2
1091 2 4 2
1092 2 4 2
1093 2 25 2
1094 1 3 1
1095 2 203 2
1096 2 369 2
1097 2 205 2
1098 2 4 2
1099 2 6 2
1100 2 4 2
1101 2 4 2
1103 1 10 1
1104 1 2 1
1105 1 16 1
1106 1 4 1
1107 1 2 1
1108 1 76 1
1109 1 2 1
1111 1 8 1
1113 1 2 1
1114 1 2 1
1116 3 385 3
1118 1 2 1
1119 1 31 1
1120 2 4 2
1121 1 7 1
1122 1 31 1
1124 1 8 1
1125 1 34 1
1126 2 12 2
1127 2 9 2
1128 2 20 2
1129 2 11 2
1130 2 11 2
1131 2 8 2
1132 2 10 2
1134 5 1004 5
1135 2 4 2
1136 3 259 3
1138 2 186 2
1139 2 104 2
1140 2 72 2
1141 2 17 2
1142 1 2 1
1143 2 4 2
1144 2 4 2
1145 1 2 1
1146 2 4 2
1148 2 190 2
1149 2 4 2
1150 3 69 2
1151 1 2 1
1152 2 4 2
1154 1 23 1
1155 1 151 1
1156 2 231 2
1158 2 6 2
1159 2 312 2
1160 2 6 2
1162 1 4 1
1163 2 197 2
1165 2 187 2
1166 2 21 2
1168 3 188 2
1169 2 16 2
1170 1 2 1
1171 2 400 2
1172 2 6 2
1173 2 4 2
1175 2 25 2
1176 1 2 1
1178 2 10 2
1179 2 198 2
1180 2 4 2
1181 1 2 1
1183 2 99 2
1184 2 402 2
1186 1 193 1
1187 2 206 2
1188 2 190 2
1190 1 2 1
1191 2 4 2
1192 2 6 2
1194 1 12 1
1195 1 2 1
1196 1 9 1
1197 1 3 1
1198 1 2 1
1199 2 202 2
1200 1 58 1
1201 1 2 1
1202 1 45 1
1203 2 5 2
1204 2 4 2
1205 1 2 1
1206 1 83 1
1207 1 201 1
1209 2 132 2
1210 1 9 1
1211 2 56 2
1213 1 201 1
1214 2 203 2
1217 1 2 1
1219 2 382 2
1220 1 4 1
1221 3 7 2
1222 2 5 2
1223 2 204 2
1224 2 4 2
1225 2 4 2
1226 2 11 2
1227 1 2 1
1230 2 285 2
1231 1 2 1
1232 1 118 1
1234 2 9 2
1235 2 52 2
1236 2 127 2
1237 2 12 2
1238 2 12 2
1239 1 81 1
1240 2 37 2
1241 2 61 2
1243 2 179 2
1245 2 203 2
1246 2 5 2
1247 2 8 2
1249 2 203 2
1250 2 6 2
1251 2 185 2
1252 2 5 2
1253 2 201 2
1254 2 4 2
1256 2 4 2
1257 2 11 2
1258 2 4 2
1259 2 4 2
1260 2 10 2
1261 1 2 1
1262 4 255 2
1263 2 4 2
1264 2 11 2
1266 2 342 2
1268 2 34 2
1269 2 8 2
1271 2 4 2
1272 2 6 2
1273 2 203 2
1274 4 10 2
1275 2 5 2
1276 2 372 2
1277 2 17 2
1279 1 3 1
1280 1 3 1
1281 2 50 2
1282 2 6 2
1283 2 6 2
1284 2 30 2
1285 2 7 2
1290 2 11 2
1291 2 402 2
1293 3 13 2
1294 2 14 2
1295 2 8 2
1296 1 13 1
1297 3 8 2
1298 3 9 2
1299 1 6 1
1300 2 11 2
1301 3 10 2
1302 3 24 2
1303 2 14 2
1304 2 12 2
1305 3 134 3
1307 1 2 1
1308 2 6 2
1309 2 5 2
1310 2 4 2
1311 2 13 2
1313 2 194 2
1314 2 170 2
1315 1 19 1
1316 2 215 2
1320 1 29 1
1322 1 195 1
1323 2 24 2
1325 1 2 1
1326 1 201 1
1327 1 2 1
1329 1 201 1
1331 2 402 2
1333 1 6 1
1334 4 68 2
1336 2 402 2
1338 2 20 2
1339 2 45 2
1340 1 35 1
1341 2 97 2
1342 2 12 2
1343 2 12 2
1344 2 86 2
1346 1 196 1
1347 1 128 1
1349 1 75 1
1352 3 9 2
1353 2 31 2
1354 2 154 2
1355 1 19 1
1356 2 110 2
1358 3 601 3
1361 2 19 2
1362 2 5 2
1363 2 97 2
1364 1 2 1
1365 2 204 2
1366 2 4 2
1367 2 6 2
1368 2 33 2
1369 1 13 1
1370 3 6 2
1371 2 198 2
1372 2 4 2
1373 2 202 2
1374 2 205 2
1375 2 148 2
1377 2 4 2
1379 2 18 2
1380 2 6 2
1383 1 100 1
1385 2 5 2
1386 2 8 2
1388 1 2 1
1390 2 26 2
1391 2 56 2
1392 2 22 2
1396 2 4 2
1397 2 64 2
1398 2 5 2
1399 2 4 2
1400 2 4 2
1401 2 334 2
1402 2 4 2
1405 3 500 3
1407 1 3 1
1408 1 3 1
1409 1 3 1
1410 1 4 1
1411 1 3 1
1412 2 60 2
1413 2 6 2
1414 1 6 1
1415 1 6 1
1416 1 4 1
1417 2 204 2
1418 2 5 2
1419 1 4 1
1421 3 603 3
1423 2 203 2
1424 2 4 2
1426 2 316 2
1427 2 203 2
1429 1 5 1
1430 2 179 2
1431 2 108 2
1432 1 5 1
1433 2 80 2
1434 1 48 1
1436 1 2 1
1437 1 16 1
1439 1 2 1
1440 1 2 1
1442 2 166 2
1443 2 203 2
1445 1 2 1
1448 2 9 2
1449 2 4 2
1450 2 21 2
1451 2 4 2
1452 3 14 3
1453 4 109 2
1454 2 9 2
1455 2 174 2
1456 3 100 2
1457 1 2 1
1458 2 153 2
1459 3 205 2
1460 2 10 2
1461 2 37 2
1463 1 4 1
1464 1 10 1
1465 1 14 1
1466 1 4 1
1467 1 3 1
1468 2 349 2
1469 1 5 1
1471 2 398 2
1473 2 212 2
1474 2 217 2
1475 2 277 2
1477 1 5 1
1478 3 205 2
1480 2 82 2
1481 2 4 2
1482 2 202 2
1483 1 196 1
1484 2 102 2
1487 2 376 2
1491 1 199 1
1497 3 6 2
1501 2 262 2
1502 1 5 1
1504 1 199 1
1508 2 201 2
1509 2 25 2
1510 2 286 2
1511 2 78 2
1513 2 203 2
1514 2 249 2
1515 2 7 2
1518 4 207 3
1520 2 11 2
1521 2 16 2
1522 2 20 2
1523 2 150 2
1524 2 7 2
1526 2 203 2
1528 2 72 2
1530 1 2 1
1531 2 4 2
1534 1 2 1
1535 1 2 1
1536 1 59 1
1537 1 201 1
1539 1 161 1
1542 1 3 1
1543 2 106 2
1545 2 10 2
1546 2 43 2
1549 2 4 2
1550 2 12 2
1551 2 4 2
1553 2 7 2
1554 2 5 2
1555 1 11 1
1556 2 4 2
1560 1 2 1
1561 1 2 1
1562 1 2 1
1564 1 201 1
1567 2 19 2
1569 2 5 2
1570 2 77 2
1571 2 10 2
1572 1 6 1
1574 1 201 1
1576 2 267 2
1578 2 203 2
1579 1 2 1
1580 1 2 1
1582 2 203 2
1586 1 7 1
1587 1 5 1
1588 2 187 2
1589 1 3 1
1591 2 203 2
1592 2 15 2
1594 2 402 2
1596 1 2 1
1597 2 206 2
1599 2 401 2
1600 1 2 1
1602 1 2 1
1603 2 4 2
1604 2 9 2
1606 1 143 1
1608 1 2 1
1609 1 196 1
1610 1 2 1
1611 2 6 2
1612 2 203 2
1614 1 10 1
1616 2 4 2
1617 1 99 1
1618 2 183 2
1619 2 236 2
1621 1 3 1
1623 2 73 2
1624 2 329 2
1626 2 400 2
1628 2 402 2
1629 1 200 1
1630 1 2 1
1632 1 2 1
1633 1 2 1
1637 1 2 1
1638 1 14 1
1639 1 9 1
1642 2 28 2
1643 2 61 2
1644 2 4 2
1645 1 3 1
1646 2 257 2
1647 2 11 2
1650 1 201 1
1654 1 2 1
1655 1 201 1
1658 3 223 2
1660 2 205 2
1661 2 172 2
1662 2 19 2
1664 1 32 1
1666 1 201 1
1668 2 10 2
1670 1 200 1
1672 1 201 1
1674 1 2 1
1676 2 4 2
1677 2 402 2
1679 2 219 2
1680 2 37 2
1682 1 102 1
1685 2 316 2
1687 2 35 2
1689 1 3 1
1691 1 2 1
1692 1 2 1
1694 2 4 2
1700 1 2 1
1701 1 2 1
1702 1 115 1
1703 1 197 1
1704 1 4 1
1705 1 2 1
1708 1 2 1
1710 1 28 1
1712 1 6 1
1715 1 201 1
1718 2 397 2
1723 1 2 1
1725 1 156 1
1727 1 88 1
1728 1 102 1
1729 1 2 1
1731 1 2 1
1732 2 4 2
1735 1 4 1
1737 1 5 1
1742 1 81 1
1743 1 85 1
1745 2 198 2
1747 2 198 2
1749 1 9 1
1750 2 395 2
1752 2 54 2
1753 2 145 2
1757 1 201 1
1759 2 4 2
1761 2 5 2
1766 1 198 1
1768 2 203 2
1770 2 391 2
1774 2 402 2
1776 2 402 2
1780 1 4 1
1788 2 6 2
1790 2 402 2
1792 1 147 1
1793 1 5 1
1794 2 402 2
1801 2 4 2
1803 1 2 1
1804 2 4 2
1805 1 174 1
1807 1 36 1
1808 1 2 1
1809 1 2 1
1810 2 9 2
1820 1 73 1
1821 1 200 1
1822 2 131 2
1823 1 201 1
1827 2 203 2
1830 6 1206 6
1833 2 54 2
1836 2 13 2
1839 1 29 1
1845 2 402 2
1848 2 6 2
1851 2 8 2
1854 2 262 2
1873 2 235 2
1874 2 203 2
1880 2 402 2
1883 2 5 2
1898 2 402 2
1903 1 201 1
1905 2 327 2
1907 2 400 2
1909 1 108 1
1910 2 363 2
1911 1 201 1
1912 2 241 2
1914 2 402 2
1916 1 201 1
1919 2 197 2
1923 3 603 3
1925 2 30 2
1928 4 804 4
1931 1 7 1
1932 2 393 2
1934 2 203 2
1936 3 563 3
1943 2 402 2
1946 1 201 1
1949 2 402 2
1957 2 213 2
1962 2 207 2
1972 2 174 2
1973 2 232 2
1975 1 201 1
1977 2 401 2
1979 3 602 3
1981 3 603 3
1986 2 402 2
1988 3 603 3
1990 2 402 2
1992 3 603 3
1994 5 1005 5
1998 2 402 2
2000 2 402 2
2005 2 402 2
2008 2 402 2
2010 2 402 2
2016 2 402 2
2022 2 402 2
2030 2 402 2
2033 4 804 4
2035 2 401 2
2039 2 402 2
2041 2 399 2
2047 2 402 2
2049 2 401 2
2051 2 400 2
2054 4 804 4
2062 2 402 2
2065 2 402 2
2067 2 219 2
2068 2 185 2
2072 2 402 2
2075 2 401 2
2080 2 402 2
2082 2 402 2
2091 20 4014 20
2094 2 401 2
2098 2 399 2
2101 2 402 2
2108 2 402 2
