0 8211181
1 8433587
2 5509162
3 9129071
4 616767
5 79355
6 24270415
7 4962837
8 20207705
9 9999729
10 87088
11 1070
12 1879785
13 146691
14 3698242
15 82342
16 6725192
17 10719017
18 1358172
19 5816878
20 57446
21 147051
22 2891970
23 2082134
24 3515448
25 15808174
26 2286277
27 10529867
28 934291
29 10367662
30 7347118
31 382183
32 8827679
33 837421
34 11095731
35 3670378
36 8127757
37 11733014
38 4723115
39 2762374
40 1930855
41 6942160
42 1402212
43 860511
44 889949
45 20956124
46 112310
47 2284279
48 3623695
49 15367484
50 553051
51 6335975
52 3672477
53 1775157
54 6689319
55 484656
56 77602
57 9843181
58 1057635
59 895678
60 65245
61 2201424
62 17152571
63 16032204
64 580667
65 297533
66 823038
67 370176
68 932500
69 1059363
70 414023
71 18451010
72 735022
73 6097932
74 1570917
75 4538351
76 19578692
77 475463
78 1935500
79 8924140
80 198371
81 30938
82 5605580
83 323497
84 1279749
85 1538661
86 1063891
87 8531908
88 1163916
89 8531823
90 5096364
91 12012402
92 304265
93 159740
94 1885971
95 15437881
96 13263369
97 190005
98 858827
99 11633333
100 22873967
101 934260
102 1572228
103 10672231
104 4069646
105 2922117
106 10522598
107 3650136
108 4141428
109 6461306
110 109659
111 1894980
112 1026474
113 1885716
114 571077
115 684178
116 6013203
117 5092164
118 5589029
119 383022
120 241629
121 456109
122 282534
123 1585623
124 1590497
125 645859
126 137183
127 41000
128 3071141
129 14336900
130 12626129
131 15256121
132 1920802
133 6473599
134 1835854
135 1313897
136 178749
137 13657004
138 7967510
139 1784061
140 11853296
141 37206
142 20918
143 86285
144 722848
145 33183834
146 879889
147 1863699
148 729639
149 1689115
150 249413
151 7936653
152 109152
153 188220
154 2854886
155 1329154
156 7658037
157 812150
158 181337
159 654855
160 2852129
161 22364802
162 1219780
163 279398
164 6728866
165 17380887
166 43975706
167 1926849
168 499254
169 1366654
170 1712926
171 11862328
172 10199742
173 5221053
174 4269898
175 43532924
176 26602940
177 14815587
178 37325267
179 13142418
180 12833517
181 1382374
182 175809
183 2503307
184 4560482
185 33820650
186 1171187
187 825456
188 5619153
189 1208121
190 3928834
191 56744323
192 20001233
193 616767
194 643911
195 4560482
196 5341072
197 74358
198 389236
199 4142
200 3032604
201 1323708
202 1144651
203 5220162
204 3328023
205 767876
206 921950
207 7298930
208 33518812
209 12980519
210 33934650
211 13982707
212 8092392
213 8518239
214 16353975
215 4365789
216 1205408
217 914805
218 12525070
219 5856852
220 1199285
221 20383875
222 601854
223 536828
224 39941993
225 2124448
226 1219780
227 25752188
228 653288
229 374898
230 1146131
231 39941993
232 6079963
233 2567
234 194666
235 42585241
236 415599
237 2102570
238 181807
239 6323014
240 12772306
241 472311
242 7721625
243 472311
244 46583480
245 5835477
246 134115
247 15161849
248 18743715
249 7588137
250 17751569
251 23619578
252 12902323
253 12418336
254 8346599
255 62612603
256 18122812
257 33522946
258 33621316
259 26579150
260 12644919
261 18148831
262 2774689
263 45463964
264 32070971
265 13917464
266 35320034
267 18036229
268 18037488
269 17935151
270 6710130
271 43620963
272 18033688
273 22594880
274 8503711
275 17713611
276 28395979
277 24417534
278 12551021
279 17774687
280 19654275
281 22353051
282 5400312
283 23691212
284 1934724
285 33072072
286 18031118
287 22299200
288 9648788
289 2892549
290 6609554
291 11132545
292 33821890
293 6430052
294 18008382
295 4721319
296 35285095
297 18007966
298 16259104
299 23103151
300 47402730
301 28404014
302 19479475
303 22380239
304 2836948
305 18264984
306 10781812
307 25834218
308 8634038
309 667951
310 11260919
311 926840
312 17711560
313 12851435
314 24439770
315 46903915
316 1151557
317 1151557
318 14522744
319 499254
320 1937689
321 89993
322 47873678
323 7063475
324 1189394
325 1482383
326 3898942
327 3898942
328 7756611
329 1413391
330 370176
331 1623902
332 550550
333 812150
334 28514911
335 6216436
336 2503307
337 910753
338 20001233
339 6097932
340 825456
341 1999050
342 1891135
343 11370631
344 2211051
345 2211051
346 33820650
347 1305099
348 14996648
349 9400927
350 3657859
351 29281973
352 7985120
353 17034502
354 7521849
355 13376301
356 40789053
357 20165681
358 466142
359 4856862
360 3535067
361 7657900
362 643911
363 14173012
364 56974
365 46040186
366 72502034
367 1063891
368 1221778
369 13760298
370 2284279
371 31301654
372 32717
373 12628378
374 31498179
375 17774650
376 784187
377 1036807
378 1459110
379 15378163
380 45252691
381 99260
382 1047581
383 536250
384 1018168
385 510452
386 2151154
387 10698320
388 11164750
389 10428517
390 8710772
391 26935099
392 8353836
393 114976
394 8194208
395 313157
396 2192413
397 9329669
398 198908
399 15097482
400 26463020
401 796079
402 10017763
403 143523
404 13380485
405 866830
406 1217782
407 10599821
408 31427850
409 2438948
410 10889249
411 13695781
412 5475313
413 1976048
414 3631320
415 13337345
416 168240
417 16410101
418 3513142
419 10170178
420 1652606
421 1616493
422 45032044
423 28383423
424 14060217
425 3958578
426 60200792
427 6221386
428 227505
429 452407
430 60754
431 8527189
432 15508230
433 15878949
434 621746
435 3842201
436 62759712
437 94291
438 198371
439 2906003
440 16229120
441 55790087
442 127361
443 35818444
444 20101770
445 1614482
446 317776
447 645192
448 5613360
449 54306
450 125701
451 28500582
452 4921466
453 6302842
454 453210
455 10552966
456 12249863
457 5632401
458 1616727
459 44642
460 26101651
461 4118756
462 2488346
463 26399212
464 910753
465 46040186
466 71096090
467 1036807
468 16617646
469 49699333
470 42638797
471 482120
472 10439232
473 7129103
474 245547
475 1289147
476 7816715
477 2322
478 33135
479 1094878
480 418747
481 47359
482 610797
483 8194504
484 8194504
485 2906003
486 1272214
487 179534
488 3231311
489 1453152
490 812287
491 1738412
492 30801624
493 10796007
494 18637882
495 19815469
496 5335584
497 4955081
498 4955081
499 382917
500 18424008
501 776526
502 11174662
503 5929680
504 31771830
505 4081634
506 21316312
507 5042215
508 7622315
509 14291840
510 7374585
511 4928521
512 4465160
513 8460492
514 353180
515 4959922
516 16450962
517 13742415
518 11874901
519 770163
520 8060970
521 5048404
522 6453649
523 8934136
524 3410195
525 18194515
526 4560266
527 4552819
528 11371613
529 1328270
530 11195226
531 28316667
532 4079634
533 9329669
534 855219
535 9754219
536 29773348
537 10371360
538 553332
539 1533834
540 157075
541 15222331
542 2520012
543 13653608
544 1693915
545 21975325
546 11520887
547 17145014
548 18535381
549 1858477
550 1248101
551 5099100
552 4106
553 33519250
554 17563447
555 1542989
556 30654959
557 206285
558 13795597
559 903615
560 10236410
561 9081766
562 14651388
563 1673867
564 125270
565 43064409
566 62634532
567 10754094
568 935700
569 2027329
570 4291861
571 13631156
572 42801353
573 10927647
574 68852115
575 382917
576 44881758
577 1094878
578 329897
579 3604349
580 782095
581 19807791
582 15378163
