0 36633370
1 128398636
2 32484381
3 21700699
4 21935031
5 63266213
6 21648001
7 21696302
8 13404515
9 43482568
10 2006876
11 21500692
12 144863525
13 174888045
14 133134007
15 85889985
16 14408715
17 40072159
18 22117770
19 18993814
20 45457072
21 7083240
22 48368290
23 19641638
24 2629978
25 164564630
26 18992193
27 42395733
28 101408117
29 25857175
30 4415789
31 321154
32 4393933
33 52396258
34 58225794
35 54615819
36 18993042
37 22356791
38 52342167
39 86003479
40 44929620
41 246570646
42 14965048
43 20760465
44 15717393
45 59346466
46 7380066
47 111368115
48 35045238
49 70510458
50 49797937
51 82748196
52 53077478
53 329538508
54 20853572
55 40586793
56 93950385
57 86702277
58 131035472
59 71265967
60 40619595
61 34824538
62 29476598
63 89407699
64 44860825
65 163883690
66 3943003
67 9899931
68 40619655
69 73315878
70 134979079
71 27231437
72 23160980
73 47733231
74 34008536
75 114800828
76 170727713
77 129837505
78 4805389
79 8442885
80 121409745
81 13330867
82 5341013
83 45860898
84 55979293
85 143241790
86 207995824
87 16811502
88 92344109
89 22130396
90 350211058
91 128933887
92 71449236
93 49778183
94 257352960
95 1418153
96 101913498
97 70594945
98 89129284
99 52967175
100 145141647
101 227191356
102 3010630
103 63362188
104 9271598
105 43431363
106 60902803
107 64234041
108 160148747
109 55543847
110 59441906
111 103314400
112 49430367
113 73327784
114 20936653
115 174452370
116 202361279
117 9165045
118 31066479
119 86748788
120 10345130
121 78973713
122 27136964
123 18035587
124 131069125
125 122654050
126 30026169
127 11154354
128 91686428
129 66467957
130 93083461
131 146336278
132 61745141
133 87240044
134 162314529
135 118508871
136 22873328
137 78943626
138 9715588
139 48119864
140 41209689
141 44741582
142 86862739
143 87096114
144 44194320
145 102047848
146 27936248
147 174529031
148 7381474
149 99797797
150 70104891
151 110003405
152 12596989
153 94239643
154 18575959
155 147820807
156 249884546
157 49060223
158 8588051
159 54467476
160 109041327
161 112638718
162 136139555
163 157165639
164 101842308
165 31864077
166 287303418
167 59455499
168 155913186
169 236891001
170 18994597
171 2068813
172 104920600
173 85637349
174 64250365
175 19254140
176 197691960
177 12083899
178 69924695
179 104883492
180 67408168
181 151137035
182 238042179
