0 212
0 1015
0 1016
0 1017
0 1018
0 1254
0 1255
0 1256
0 1257
0 1258
0 1259
0 1260
0 1261
0 1262
0 1263
0 1264
0 140 12659 6330 157
0 141 9395 11356 186
0 142 77527 54005 514
0 143 91133 38451 579
0 144 75037 23828 485
0 145 99333 46656 218
0 146 275698 187134 730
0 147 75745 21899 159
0 148 241290 303088 198
0 149 26878 11094 185
0 150 355205 296920 174
0 151 51980 29229 299
0 152 13640 5277 117
0 153 433875 190183 199
0 154 445476 267923 1282
0 155 23406 163635 226
0 156 23470 8771 215
0 157 18705 7448 146
0 158 89120 78045 127
0 159 52763 8888 315
0 160 215545 155742 457
0 161 1256762 1492119 923
0 162 67946 62269 331
0 163 302614 265133 864
0 164 252500 214052 134
0 165 55794 26514 423
0 166 99980 74734 477
0 167 74648 24500 286
0 168 17318 10693 153
0 169 75964 27439 618
0 170 75480 49505 237
0 171 25444 16857 191
0 172 15580 8304 125
0 173 22851 21480 302
0 174 171775 84551 452
0 175 98415 19007 152
0 176 693247 597181 1087
0 177 29197 17802 269
0 178 301343 393413 343
0 179 48767 15835 136
0 180 82990 52564 571
0 181 214442 77714 285
0 182 575198 354238 1345
0 183 11080 4667 126
0 184 53927 15832 168
0 185 782877 118268 1026
0 186 183068 165238 274
0 187 19406 11804 121
0 188 4490 7809 133
0 189 68303 48355 210
0 190 7150 28242 175
0 191 120535 111334 250
0 192 144009 341981 299
0 193 19635 9329 134
0 194 715327 593003 1237
0 195 2895137 2616663 916
0 196 164187 90076 318
0 197 3232 1500 144
0 198 299260 191647 402
0 199 31178 6639 119
0 200 10209 4026 171
0 201 88363 63571 211
0 202 42322 60395 205
0 203 149635 122662 274
0 204 62802 46293 375
0 205 1213839 1595748 1574
0 206 6529 6153 219
0 207 13201 13341 274
0 208 43305 118175 136
0 209 13635 5186 114
0 210 246556 871152 561
0 211 82070 27307 252
0 1305
1 252
1 1019
1 1020
1 1021
1 1022
1 1023
1 1024
1 1025
1 1026
1 1027
1 1028
1 1029
1 1016
1 1030
1 1254
1 1255
1 1256
1 1257
1 1258
1 213 7811 1875 88
1 214 8134 4839 152
1 215 34630 20572 466
1 216 54555 96060 289
1 217 1143 294 19
1 218 2492 310 16
1 219 2922 946 36
1 220 1710 204 48
1 221 2784 644 27
1 222 3952 2119 60
1 223 2564 2199 17
1 224 632 911 26
1 225 1128 885 37
1 226 9226 6613 16
1 227 13055 13714 71
1 228 2885 2411 24
1 229 763791 1160544 748
1 230 112056 9863 207
1 231 7889 5722 12
1 232 36657 15326 290
1 233 4740 1180 53
1 234 2278 667 21
1 235 1653 738 60
1 236 41902 17409 17
1 237 7210 2024 93
1 238 2192 757 32
1 239 6088 1663 55
1 240 64844 14583 563
1 241 46393 22696 363
1 242 16507 6243 181
1 243 10750 4815 56
1 244 9241 2254 60
1 245 2467 438 16
1 246 1377 963 13
1 247 2572 644 11
1 248 105061 48161 613
1 249 25784 8264 45
1 250 52124 31085 260
1 251 18010 8267 77
1 1306
2 264
2 1031
2 1032
2 1033
2 1027
2 1034
2 253 16 17 3
2 254 1 0 1
2 255 1 0 1
2 256 2 1 2
2 257 1 0 1
2 258 1 0 1
2 259 1 0 1
2 260 1 0 1
2 261 1 1 1
2 262 1 0 1
2 263 5 4 3
2 1307
3 315
3 1016
3 1035
3 1036
3 1037
3 1038
3 1027
3 1033
3 1039
3 1040
3 1041
3 1034
3 1254
3 1255
3 265 93 196 8
3 266 25 2 3
3 267 9 0 1
3 268 36 0 2
3 269 86 8 3
3 270 5030 3175 26
3 271 309 181 18
3 272 1 1 1
3 273 8 8 1
3 274 41 3 2
3 275 5 1 2
3 276 12 0 1
3 277 5 5 2
3 278 3 3 1
3 279 124 17 7
3 280 74 3 4
3 281 8 3 1
3 282 98 1 1
3 283 150 35 10
3 284 11 3 1
3 285 897 490 20
3 286 17 1 2
3 287 63 3 1
3 288 37 0 1
3 289 230079 164899 1418
3 290 19 2 1
3 291 13 1 1
3 292 4 13 3
3 293 1 1 1
3 294 57 0 1
3 295 138 80 22
3 296 18 18 2
3 297 8 0 1
3 298 10201 607 46
3 299 6 2 1
3 300 56 4 2
3 301 93 49 3
3 302 296369 22109 577
3 303 3 3 1
3 304 12 0 1
3 305 1563 778 11
3 306 1 1 1
3 307 160 125 7
3 308 2 3 1
3 309 43 35 3
3 310 4 1 1
3 311 6 6 3
3 312 2 0 1
3 313 4 4 1
3 314 10640 3893 97
3 1308
4 335
4 1020
4 1042
4 1043
4 1044
4 1045
4 1046
4 1047
4 1021
4 1017
4 1030
4 1265
4 1257
4 1255
4 1259
4 1261
4 1258
4 213 1692 142 15
4 316 992 817 26
4 216 20323 12542 234
4 317 3808 24922 25
4 226 11696 2590 95
4 318 6696 3055 21
4 214 1923 148 6
4 319 174 56 11
4 320 13 6 5
4 321 2614 880 8
4 249 37091 24732 148
4 322 4829 3213 17
4 323 231 20 5
4 324 30119 28739 53
4 325 5854 12228 21
4 223 1495 854 16
4 326 1854 181 17
4 327 9901 4662 30
4 244 24051 7916 88
4 225 3096 642 25
4 243 151152 114486 231
4 311 6 6 5
4 227 31308 14314 197
4 328 8304 6457 25
4 228 885 260 13
4 229 2119 777 27
4 329 8927 12432 51
4 231 93823 69753 313
4 232 459 113 5
4 330 1328 51 18
4 331 45 7 6
4 234 5037 7301 41
4 235 28 11 9
4 332 900 116 8
4 236 17971 11341 54
4 333 214 99 11
4 237 838 400 10
4 217 16352 7970 76
4 238 20181 10829 105
4 239 1618 350 7
4 240 105 14 5
4 334 114 73 6
4 215 68479 58705 510
4 245 2319 1109 15
4 246 13332 4145 188
4 247 454 3 7
4 230 20164 15581 211
4 248 27 19 7
4 219 181 52 5
4 250 689 157 5
4 251 8229 2423 61
4 221 570 298 5
4 1309
5 367
5 1048
5 1049
5 1018
5 1050
5 1017
5 1051
5 1015
5 1030
5 1254
5 1255
5 1257
5 1258
5 1266
5 336 1317 526 18
5 337 211 24 4
5 338 4212 5447 37
5 339 56 21 6
5 340 945 49369 30
5 275 127 32 7
5 341 44775 30549 32
5 342 6155 1353 59
5 343 43 22 5
5 344 62 16 5
5 345 138 80 4
5 155 20 12 3
5 346 9201 1695 21
5 347 27495 119 14
5 348 160 25 8
5 349 83 1 5
5 165 1707408 864672 825
5 350 129307 8943 134
5 351 83 40 8
5 311 8 8 4
5 352 39 16 4
5 353 164344 965344 423
5 354 44 48 4
5 355 297685 195909 288
5 356 232 80 17
5 357 112 56 7
5 358 276 39 4
5 359 3864 1786 4
5 360 636 17 4
5 361 10205 6688 13
5 193 79 34 4
5 197 71 102 4
5 200 1233 572 4
5 147 4211 3612 4
5 362 76 36 3
5 363 63 55 5
5 364 16 16 7
5 365 4836 52 4
5 210 124513 171541 48
5 366 15 15 4
5 1310
6 414
6 1052
6 1043
6 1035
6 1015
6 1053
6 1027
6 1254
6 1267
6 1255
6 1268
6 1258
6 1269
6 1264
6 1256
6 1270
6 1271
6 1272
6 368 4909 69 9
6 369 79252 56433 273
6 370 9775 5550 120
6 371 428 362 8
6 372 142972 108056 146
6 373 11 1 2
6 374 6464 652 10
6 375 4838 13 2
6 311 15 9 3
6 376 419 6 3
6 377 27553 7217 53
6 378 20667 16240 128
6 379 39637 9380 97
6 380 6955 151 8
6 381 69363 33116 274
6 382 293 339 2
6 383 94 115 2
6 384 5 0 1
6 385 184 107 12
6 349 162 3 4
6 386 2065 35 3
6 387 62955 112113 184
6 388 6153 1309 31
6 389 13947 4247 13
6 390 143 23 2
6 391 90 32 2
6 392 17211 17268 132
6 393 872 248 11
6 394 333 0 3
6 395 42 244 3
6 396 59722 43610 289
6 397 9060 6634 33
6 398 39430 21962 221
6 399 1630 823 19
6 400 1383 1015 21
6 401 39 1 2
6 402 10 5 2
6 403 8740 3969 18
6 404 9 9 3
6 405 4949 1783 35
6 406 233 12 3
6 407 1477 353 6
6 408 820 759 32
6 409 29659 29556 184
6 410 61 19 2
6 411 7950 2126 57
6 412 12857 11678 62
6 413 128 89 7
6 1311
7 428
7 1054
7 1055
7 1056
7 1057
7 1027
7 1017
7 1254
7 1255
7 1257
7 1258
7 415 1 1 1
7 280 63 0 1
7 416 115 102 15
7 417 149 141 3
7 364 19 19 4
7 418 16 1 1
7 354 87530 7687 56
7 419 4 4 1
7 420 17 15 2
7 421 11 11 2
7 422 7 7 5
7 423 42 0 1
7 424 13 10 2
7 404 149 178 9
7 349 95 0 10
7 425 175394 0 1
7 207 2354 583 19
7 426 5308 292662 45
7 427 359214 333348 308
7 311 21 25 7
7 394 187 14 4
7 366 190 190 10
7 1310
8 414
8 1027
8 1052
8 1053
8 1058
8 1273
8 1267
8 1255
8 1274
8 1275
8 1269
8 1276
8 429 0 1 1
8 430 1 1 1
8 431 21 0 2
8 432 169 17 1
8 433 2 2 1
8 434 42 6 1
8 435 1100 826 5
8 411 6290 2470 73
8 436 1 1 1
8 437 1 1 1
8 438 50 29 5
8 439 269 39 3
8 364 2 2 2
8 440 4 4 1
8 441 22 8 1
8 442 992 550 5
8 443 16 2 1
8 444 29 29 1
8 379 1950 329 15
8 445 3 3 1
8 446 418 7 1
8 447 2 2 1
8 381 6053 2339 79
8 448 137 5 2
8 449 3 2 1
8 450 33 6 1
8 451 90 22 2
8 452 1 1 1
8 453 32 22 1
8 454 513 17 2
8 385 370 158 16
8 455 4 4 1
8 387 44553 22899 352
8 456 179 58 4
8 457 197 49 1
8 458 3 2 3
8 459 1 1 1
8 460 79 36 1
8 461 5 5 2
8 462 1 1 1
8 463 134 0 1
8 464 4 4 1
8 465 6 7 3
8 392 10073 4269 60
8 393 98 3 1
8 466 398 77 6
8 467 48 13 3
8 468 79 70 1
8 469 132 57 6
8 470 480 207 9
8 471 1 1 1
8 397 3038 18 2
8 398 18714 12511 47
8 472 103 18 2
8 473 5 2 1
8 474 1 1 1
8 378 981 645 11
8 475 3576 1425 31
8 403 7793 5402 4
8 476 1 1 1
8 477 2 2 1
8 404 31 31 2
8 405 318 191 9
8 478 285 264 1
8 479 593 26 5
8 480 2 0 1
8 369 53238 16268 176
8 409 4359 3685 64
8 481 259 2 1
8 482 411 4 1
8 483 438 183 8
8 484 190 81 9
8 485 1 1 1
8 486 233 176 5
8 487 35 9 1
8 488 11 1 1
8 1311
9 495
9 1059
9 1060
9 1061
9 1062
9 1063
9 1027
9 1064
9 1065
9 1066
9 1067
9 1254
9 1261
9 1277
9 1257
9 1255
9 1267
9 1259
9 1278
9 1258
9 275 340 337 5
9 489 34 0 1
9 490 25931 6786 77
9 311 11 11 5
9 491 17830 568190 32
9 360 31 33 7
9 339 3 0 1
9 402 567 47 10
9 492 9 0 1
9 493 5 3 3
9 494 426 134 6
9 462 2414657 1085574 1652
9 1312
10 517
10 1015
10 1068
10 1035
10 1069
10 1070
10 1071
10 1027
10 1072
10 1017
10 1050
10 1073
10 1254
10 1255
10 1267
10 1257
10 1258
10 496 26 30 2
10 497 249 293 4
10 498 5 5 3
10 499 9 10 2
10 500 12764 36 12
10 501 237 148 12
10 502 85 22 5
10 503 23465 530833 87
10 504 88515 76617 38
10 311 68 82 12
10 505 42 7 3
10 506 248041 2861 25
10 507 216729 32326 87
10 508 15570 1596 6
10 509 662 295 7
10 510 7 4 3
10 511 9497 11218 151
10 512 1668 515 19
10 423 24 26 7
10 513 390758 158889 236
10 360 32 27 6
10 514 36396 10 3
10 515 43533 62028 184
10 516 19 12 7
10 1313
11 528
11 1074
11 1075
11 1076
11 1015
11 1077
11 1035
11 1078
11 1079
11 1080
11 1017
11 1027
11 1081
11 1082
11 1083
11 1030
11 1254
11 1279
11 1255
11 1257
11 1280
11 1259
11 1258
11 1271
11 1261
11 1264
11 1267
11 518 1509 380 13
11 220 22 1 2
11 230 1 1 1
11 333 14 4 2
11 519 4 0 1
11 330 338 125 9
11 520 2 1 1
11 521 1 1 1
11 522 46703 30038 196
11 218 7835 2639 33
11 316 1 1 1
11 523 1 0 1
11 233 5143 1787 14
11 320 81 47 8
11 321 49830 30274 93
11 524 27 3 1
11 323 18 32 7
11 238 1 1 1
11 525 160 41 4
11 325 88 91 1
11 526 207 42 3
11 384 3520 0 1
11 327 320 127 13
11 527 93 35 4
11 241 2 2 1
11 326 1 1 1
11 426 6703 2400 49
11 1314
12 591
12 1015
12 1028
12 1084
12 1085
12 1086
12 1030
12 1254
12 1279
12 1257
12 1258
12 1255
12 529 2437 2812 78
12 530 7 7 1
12 531 4 0 1
12 258 760852 955 53
12 532 608 2 3
12 533 1 1 1
12 534 72 16 1
12 535 2 2 1
12 498 10 10 3
12 536 109 50 9
12 537 506 117 3
12 538 2462 132 14
12 539 32814 214 5
12 540 3 0 1
12 541 3 3 2
12 542 603 0 1
12 543 381 59 4
12 544 4 4 1
12 545 129 0 1
12 546 36554 98 5
12 547 44 6 3
12 548 3068 5107 3
12 549 269 79 4
12 550 463 231 4
12 551 35 0 2
12 552 49369 38351 172
12 553 4 0 1
12 554 197 173 25
12 555 308 202 2
12 556 1559 132 7
12 557 120 48 2
12 558 3 3 1
12 559 78 52 2
12 560 116693 1358671 162
12 561 942 112 8
12 562 199 29 2
12 563 1 1 1
12 564 685 1 2
12 565 51 5 1
12 566 90 20 5
12 567 670 17 3
12 568 1440 126 12
12 569 2 2 1
12 570 113 27 2
12 571 4063 0 1
12 572 30879 249 26
12 573 220 190 8
12 574 210 31 5
12 575 3 1 1
12 576 400 56 18
12 577 44 19 1
12 578 1225 4323 15
12 493 144 2 2
12 579 272 8 3
12 580 481 0 1
12 581 53463 824 10
12 582 155 76 5
12 583 3 0 1
12 584 32 2 2
12 585 19 17 1
12 586 228 225 2
12 587 627 51 2
12 588 528 225 5
12 589 292561 23059 25
12 590 79699 5 5
12 1315
13 601
13 1087
13 1015
13 1088
13 1089
13 1090
13 1091
13 1092
13 1053
13 1093
13 1094
13 1095
13 1254
13 1255
13 1271
13 1257
13 1268
13 1258
13 592 2 2 1
13 275 67 0 1
13 593 189708 21261 27
13 594 23 0 1
13 400 34 1 2
13 595 121 89 10
13 596 75 1 1
13 597 1203247 1301635 1240
13 598 5 1 1
13 397 22 22 1
13 521 42 42 1
13 424 2 0 1
13 599 13 0 3
13 600 12 13 2
13 410 347 4 5
13 1316
14 610
14 1050
14 1096
14 1017
14 1254
14 1259
14 1255
14 1257
14 1258
14 311 1 1 1
14 602 11 2 3
14 510 7 4 3
14 145 267 7 2
14 603 2310 968 18
14 519 5 0 1
14 364 2 2 1
14 338 105 3 1
14 465 12 12 3
14 336 25 364 2
14 604 974 3569 7
14 605 15 14 4
14 337 441 120 9
14 355 34690 13440 40
14 357 1 1 1
14 353 213461 5214 23
14 340 3 1 2
14 606 2 2 1
14 607 11262 7977 21
14 346 270560 179894 58
14 363 152 141 2
14 347 53 0 1
14 348 9189 1835 1
14 349 14 0 1
14 608 1 1 1
14 609 124 74 3
14 344 19737 15168 140
14 366 1 1 1
14 1317
15 624
15 1028
15 1097
15 1255
15 1257
15 611 4 0 2
15 275 9 7 2
15 612 1 1 1
15 203 2 2 1
15 613 16 3 2
15 614 5 1 1
15 615 1 1 1
15 616 165 128 1
15 617 201 0 1
15 540 74 0 1
15 548 1 1 1
15 584 2 2 1
15 618 5 0 1
15 298 161 1 1
15 529 1 1 1
15 619 104 57 2
15 491 52 50 2
15 620 8 150 1
15 621 263 105 6
15 622 9392 8778 143
15 623 11 2 2
15 1314
16 633
16 1098
16 1015
16 1099
16 1050
16 1036
16 1100
16 1101
16 1102
16 1103
16 1104
16 1105
16 1106
16 1107
16 1275
16 1255
16 1257
16 1271
16 1280
16 1258
16 1270
16 1281
16 1282
16 275 78 0 1
16 625 525026 314110 1046
16 626 6 0 1
16 627 5 1 2
16 422 30 25 6
16 628 89 158 1
16 629 25 0 1
16 630 104 13 1
16 512 33 11 1
16 631 179 4 3
16 632 1 1 1
16 611 2932 2890 7
16 536 57337 26736 559
16 1318
17 641
17 1015
17 1108
17 1109
17 1072
17 1110
17 1111
17 1112
17 1113
17 1254
17 1271
17 1255
17 1257
17 1258
17 634 0 6 1
17 354 108 6 4
17 635 1715 5097 28
17 636 18 1 1
17 637 27 22 2
17 342 2 439 1
17 515 30 96 3
17 527 28 6 4
17 585 129 35 4
17 638 80 121 6
17 207 11 18 1
17 419 115 36 3
17 420 758 449 5
17 365 622 173 3
17 639 50 50 1
17 640 18 18 1
17 1314
18 643
18 1027
18 1114
18 1115
18 1017
18 1116
18 1015
18 1117
18 1118
18 1119
18 1254
18 1255
18 1259
18 1275
18 1258
18 1257
18 519 5 2 1
18 642 202268 267327 168
18 275 1 1 1
18 1319
19 647
19 1052
19 1035
19 1120
19 1121
19 1122
19 1123
19 1124
19 1027
19 1015
19 1125
19 1126
19 1127
19 1128
19 1129
19 1032
19 1017
19 1130
19 1254
19 1257
19 1255
19 1271
19 1264
19 1283
19 1258
19 1269
19 644 5 2 3
19 519 4 0 1
19 645 17 8 6
19 376 5163 916 28
19 646 201242 122909 430
19 1320
20 658
20 1131
20 1015
20 1035
20 1132
20 1133
20 1134
20 1135
20 1254
20 1255
20 1257
20 1258
20 1259
20 513 0 12 1
20 648 499461 115266 15
20 421 5 14 5
20 141 214247 467845 301
20 415 2 1 2
20 634 15 15 1
20 525 114 83 24
20 644 140 97 4
20 649 192 16 10
20 650 2 2 1
20 503 1879 288 13
20 651 58 10 1
20 652 7 7 2
20 653 1677536 3550152 329
20 654 22 23 5
20 655 1 1 1
20 207 3 3 2
20 511 10509 782 26
20 656 1 1 1
20 630 7 10 2
20 584 27 0 1
20 520 346 155 18
20 361 82 1 1
20 516 4 4 1
20 424 3 4 2
20 657 10 12 4
20 1321
21 610
21 1136
21 1137
21 1138
21 1139
21 1140
21 1141
21 1142
21 1143
21 1017
21 1259
21 311 11 11 3
21 519 6 0 1
21 605 297 406 21
21 404 27 27 6
21 296 15 15 4
21 606 4 4 3
21 659 80 53 29
21 660 4275 2182 51
21 661 157382 136089 1893
21 662 1 1 1
21 663 3824 3052 143
21 505 13 3 2
21 603 1046 211 3
21 1315
22 674
22 1027
22 1032
22 1144
22 1018
22 1031
22 1145
22 1264
22 1267
22 1269
22 1254
22 664 0 0 1
22 665 4 4 1
22 260 1 0 1
22 650 1 0 1
22 666 2 1 1
22 667 1 0 1
22 668 2 1 2
22 669 2 1 2
22 670 1 0 1
22 671 8472 4934 424
22 672 1 1 1
22 673 2 1 1
22 255 1 0 1
22 263 1 0 1
22 1322
23 676
23 1050
23 1015
23 1146
23 1147
23 1148
23 1149
23 1150
23 1258
23 1259
23 1264
23 1268
23 1255
23 1267
23 675 36111 7538 73
23 1323
24 414
24 1053
24 1052
24 1017
24 1043
24 1265
24 1258
24 1255
24 1257
24 677 1 0 1
24 678 2 2 1
24 405 2 1 1
24 409 180 37 4
24 411 27 27 1
24 372 98 4 2
24 369 208169 180339 570
24 381 164 119 6
24 407 81 39 2
24 408 85 78 3
24 375 39 5 1
24 388 18857 11021 105
24 387 3813 1107 20
24 378 2732 1607 16
24 602 70 25 1
24 379 2395 998 17
24 371 58 6 1
24 380 12 8 1
24 403 4 0 1
24 392 42824 37374 207
24 370 7404 4442 76
24 413 128 89 7
24 1309
25 715
25 1041
25 1108
25 1017
25 679 496 11 5
25 203 2 2 2
25 503 255 23 4
25 680 178 0 2
25 681 2 1 1
25 504 1 0 1
25 682 340 5 5
25 222 113 27 10
25 683 220 0 2
25 625 204 2 4
25 684 156 1 2
25 595 5 5 2
25 685 31 24 2
25 164 82 2 2
25 686 288 0 2
25 687 112 2 3
25 688 155 3 6
25 689 984 0 4
25 329 1 1 2
25 690 66 15 6
25 691 5938 5799 9
25 346 4 3 2
25 692 7 3 4
25 693 28 11 3
25 694 69 3 3
25 695 173 7 5
25 696 506 0 4
25 529 246 126 10
25 327 548 29 10
25 697 572 93 48
25 612 178 178 1
25 672 2 1 2
25 698 18 5 4
25 500 114 1 2
25 576 88 1 2
25 699 202 91 12
25 621 106 161 6
25 351 240 20 7
25 700 2 2 2
25 462 105 0 2
25 160 32 31 2
25 622 231 1 4
25 701 13 7 7
25 507 2 1 2
25 702 235 1 3
25 275 3211 1364 328
25 703 214 59 8
25 639 129 3 4
25 331 173 3 4
25 704 322 17 8
25 705 227 0 2
25 706 1 1 1
25 605 7 7 3
25 707 361 166 6
25 637 168 193 6
25 708 109 1 3
25 584 266 174 6
25 359 66 4 2
25 709 85 0 2
25 710 7 7 4
25 659 284 202 34
25 660 148 4 3
25 711 103 22 7
25 712 427 22 6
25 491 3 3 2
25 354 175 0 3
25 651 604 121 12
25 617 266 104 21
25 713 66 16 2
25 714 267 153 39
25 1324
26 733
26 1151
26 1152
26 1017
26 716 1 1 1
26 717 70 25 5
26 709 6 5 8
26 275 2 0 1
26 346 2 2 1
26 718 3554 4140 77
26 719 1 1 1
26 720 149 263 22
26 721 6 6 1
26 311 2 2 1
26 722 198 10 1
26 723 457 8 5
26 724 322 216 19
26 725 2446 1735 19
26 726 8 4 5
26 727 6 6 1
26 364 3 3 2
26 728 1 1 1
26 729 2 1 1
26 730 3435 2503 11
26 731 13 12 2
26 732 5 5 3
26 370 10 12 7
26 1324
27 733
27 1254
27 1255
27 1257
27 1258
27 720 0 0 1
27 726 605 13 9
27 725 89545 88883 127
27 721 44 16 6
27 722 198 10 1
27 728 929 856 13
27 716 3655 1508 84
27 717 36353 21523 135
27 727 2 2 2
27 730 147 1 8
27 734 94 94 1
27 418 69 2 1
27 709 60 30 10
27 645 4 30 4
27 718 36010 24185 265
27 719 130 9 4
27 723 370 106 8
27 732 11153 5053 107
27 724 108 91 19
27 729 24200 1197 41
27 311 18 28 2
27 731 4945 2937 48
27 1325
28 735
28 1015
28 1153
28 1068
28 1027
28 1035
28 1254
28 1255
28 1257
28 1284
28 1258
28 640 89 302 3
28 502 8 0 1
28 514 7 2 1
28 515 14660 79 8
28 496 1170 271 2
28 425 201 0 1
28 673 26 0 1
28 635 1738 316 21
28 499 9 9 1
28 207 20 6 1
28 419 3 2 1
28 1313
29 738
29 1154
29 1015
29 1155
29 1156
29 1157
29 1158
29 1159
29 1137
29 1160
29 1161
29 1162
29 1163
29 1164
29 1165
29 1166
29 1167
29 1060
29 1168
29 1169
29 1067
29 1264
29 736 6 2 1
29 737 4 4 1
29 1312
30 741
30 1050
30 1072
30 1170
30 1171
30 1015
30 1172
30 1173
30 1017
30 1027
30 1174
30 1175
30 1150
30 1176
30 1177
30 1254
30 1257
30 739 10486 604687 47
30 668 2164 2263 116
30 740 4856 1355 83
30 1312
31 743
31 1015
31 1178
31 1179
31 1180
31 1181
31 1259
31 1271
31 1255
31 1257
31 1263
31 742 9 3 1
31 662 4 4 1
31 626 4 0 1
31 339 1 1 1
31 1326
32 715
32 1017
32 1182
32 1285
32 529 0 2 1
32 361 42 0 1
32 744 59 5 3
32 275 193 490 9
32 745 129 70 1
32 746 3 3 2
32 698 71 25 8
32 697 339 17 5
32 149 4 4 1
32 747 7663 640 5
32 621 1 1 1
32 617 241 76 22
32 615 1 1 1
32 584 1395 248 14
32 701 503 103 29
32 748 107 303 6
32 1327
33 750
33 749 330 0 1
33 551 497 0 5
33 1323
34 335
34 1017
34 1043
34 1183
34 1184
34 1265
34 215 201 0 1
34 329 1534 1223 19
34 497 141 1 3
34 317 722 695 15
34 332 5952 540 4
34 219 382 95 1
34 322 378 475 53
34 328 3202 2707 19
34 323 169 5 1
34 324 25644 17199 132
34 238 4832 4402 78
34 1317
35 752
35 1267
35 1258
35 751 1860 212 37
35 1328
36 762
36 1185
36 1186
36 1187
36 1188
36 1189
36 1190
36 1134
36 1191
36 1192
36 753 894831 818180 1167
36 668 222 0 1
36 754 1023 7 7
36 350 7 0 1
36 755 8 0 1
36 620 12065 9475 14
36 523 96 0 1
36 354 8 0 1
36 756 1 1 1
36 757 70 165 2
36 748 16241 6133 99
36 275 1037 0 2
36 331 7 0 1
36 758 9598 7966 7
36 759 6 0 1
36 168 1 1 1
36 760 64 0 1
36 761 4 0 1
36 617 270587 100095 495
36 705 7 0 1
36 714 136 0 2
36 1328
37 766
37 763 1 0 1
37 764 540 125 51
37 617 1 1 1
37 261 1 1 1
37 745 4 4 1
37 765 30 23 3
37 1329
38 767
38 1017
38 1193
38 1028
38 1097
38 1257
38 619 56139 39631 221
38 612 199 79 4
38 203 9 9 2
38 275 203 0 1
38 564 2 2 1
38 1316
39 768
39 597 479 1 4
39 1330
40 715
40 1194
40 1255
40 1259
40 1264
40 1286
40 1263
40 1258
40 1268
40 1287
40 1257
40 769 71663 64796 68
40 770 212 60 30
40 771 6 6 1
40 701 27 12 3
40 617 267 35 6
40 772 10610 2827 128
40 773 697 318 59
40 1331
41 715
41 770 198 132 38
41 771 4 1 1
41 744 33 34 2
41 617 228 1 2
41 774 41 16 7
41 584 5 3 1
41 773 197 191 20
41 748 3 0 1
41 1315
42 715
42 1263
42 1259
42 1255
42 1254
42 1257
42 1288
42 688 6 4 3
42 656 620 31 13
42 573 4 2 2
42 648 3 0 1
42 509 3 1 2
42 352 2 0 1
42 682 171 92 10
42 649 6 6 3
42 145 4 4 2
42 592 3 1 2
42 596 5 1 2
42 703 3 1 2
42 501 3 1 2
42 164 5 3 2
42 775 3 2 2
42 184 10 4 2
42 718 8 4 1
42 776 5 3 2
42 506 2 2 2
42 742 10 6 2
42 507 4 3 2
42 686 8 0 4
42 716 5 6 2
42 777 3 2 2
42 681 25 11 7
42 511 4 3 2
42 609 20 19 2
42 774 3 2 2
42 761 24521274 13277995 2531
42 683 4 3 2
42 778 4 3 3
42 759 12 7 5
42 779 3 2 1
42 508 3 1 2
42 780 5 3 2
42 713 5 5 3
42 1332
43 781
43 1255
43 1267
43 1258
43 654 1 0 1
43 622 1 1 1
43 1313
44 715
44 1017
44 782 10 0 2
44 682 1 1 1
44 776 1181 499 22
44 584 1283 1333 20
44 494 12 0 1
44 275 203 0 1
44 1321
45 715
45 1017
45 748 8 6 7
45 639 1 0 1
45 671 9 0 1
45 275 45 20 15
45 744 100 69 9
45 783 1 1 1
45 697 22 3 6
45 777 1 0 1
45 775 12 0 2
45 776 6 0 1
45 784 22 14 5
45 617 1 1 1
45 687 31 1 4
45 785 19 0 3
45 757 118 37 12
45 584 101 130 25
45 701 53 75 6
45 1309
46 786
46 1017
46 1195
46 1196
46 1197
46 1198
46 772 1 1 1
46 769 66 42 1
46 770 499 231 114
46 773 290 17 9
46 771 285 109 114
46 1333
47 787
47 1041
47 1027
47 1199
47 1200
47 1201
47 1052
47 1202
47 1334
48 715
48 1027
48 1015
48 1017
48 1267
48 1287
48 1259
48 1255
48 1264
48 1269
48 1260
48 788 15725 12564 85
48 769 46 37 3
48 784 1 1 1
48 617 206 1 2
48 687 178 124 26
48 711 21 21 1
48 772 13300 11471 148
48 1335
49 766
49 789 325 5 5
49 765 2 0 1
49 1334
50 790
50 1203
50 1202
50 1204
50 1205
50 1017
50 1206
50 1108
50 1207
50 1309
51 792
51 791 528 30 6
51 1307
52 715
52 1017
52 617 9 15 1
52 697 1 1 1
52 584 522 306 28
52 275 209 4 4
52 1336
53 793
53 1015
53 1208
53 1167
53 1153
53 1072
53 1209
53 1337
54 794
54 1210
54 666 991 322 139
54 1335
55 795
55 1015
55 1211
55 1212
55 1213
55 1214
55 1215
55 262 12890 135 24
55 1331
56 676
56 675 1949 602 4
56 1309
57 797
57 1254
57 1257
57 796 58 16 1
57 599 1037 325 16
57 737 3 3 1
57 1324
58 792
58 791 477 27 13
58 1308
59 798
59 1216
59 1217
59 1218
59 1219
59 1220
59 1221
59 1222
59 1149
59 1223
59 1224
59 1225
59 1226
59 1015
59 1227
59 1150
59 1228
59 1229
59 1230
59 1231
59 1232
59 1279
59 1259
59 1267
59 1255
59 1269
59 1264
59 1257
59 664 0 0 1
59 519 4 0 1
59 1338
60 715
60 1017
60 622 1 1 1
60 706 1 1 1
60 584 52 25 12
60 275 271 122 19
60 701 191 84 1
60 1324
61 800
61 1015
61 1017
61 799 475 18 17
61 1320
62 766
62 789 225 225 1
62 764 644 317 25
62 765 16 6 6
62 1334
63 802
63 801 959 3 6
63 1309
64 803
64 784 2427 1289 162
64 1328
65 766
65 789 364 330 1
65 764 538 442 30
65 804 1271 240 4
65 765 123 820 5
65 1335
66 591
66 575 13593 9288 2
66 576 4664 55 4
66 587 83 4 2
66 538 6615 13174 3
66 552 4999 4902 6
66 550 4 1 1
66 582 74 26 3
66 529 1860 569 34
66 537 3 3 1
66 583 44 22 1
66 557 78 13 1
66 570 4 4 1
66 530 9 1 1
66 560 5024 19 5
66 534 11 0 1
66 1315
67 806
67 805 432 0 1
67 1320
68 766
68 764 436 172 13
68 765 6 1 2
68 1339
69 591
69 1254
69 1257
69 1258
69 1255
69 555 8446 1124 13
69 529 730 7 2
69 1313
70 807
70 1254
70 1258
70 1255
70 289 3004 1331 18
70 295 7 7 1
70 1327
71 741
71 1050
71 1072
71 1170
71 1171
71 1015
71 1172
71 1173
71 1017
71 1027
71 1267
71 1269
71 1275
71 1258
71 739 604993 0 1
71 740 21 9 1
71 1307
72 809
72 808 1097 645 44
72 1309
73 810
73 1028
73 1233
73 1015
73 1234
73 1085
73 1235
73 1259
73 1258
73 1255
73 1254
73 759 1089 164 13
73 1313
74 715
74 1264
74 1269
74 1267
74 1257
74 275 203 0 1
74 491 18606 7616 16
74 1340
75 781
75 1320
76 811
76 805 112 0 1
76 1341
77 643
77 642 292 15 10
77 1322
78 428
78 354 321 4 4
78 1315
79 812
79 1236
79 1237
79 1238
79 1239
79 275 314 2 3
79 1342
80 802
80 1258
80 801 100 26 8
80 1337
81 715
81 1264
81 1269
81 1267
81 1257
81 491 1128 112 14
81 1332
82 813
82 618 286 14 16
82 1342
83 815
83 1203
83 1015
83 1202
83 1108
83 814 2122 1278 68
83 1334
84 766
84 804 235 0 1
84 765 2 0 1
84 1324
85 752
85 1255
85 1267
85 1258
85 751 5025 2418 37
85 1328
86 817
86 816 539 289 97
86 1316
87 821
87 1277
87 1284
87 1259
87 1255
87 1264
87 1261
87 1265
87 1258
87 1289
87 1276
87 1254
87 1290
87 1257
87 1267
87 818 3410 1380 24
87 614 2326 1453 55
87 734 4255 1059 30
87 819 2071 563 13
87 820 5021 477 18
87 494 1084 308 16
87 690 234733 130677 744
87 593 4185 521 20
87 646 8190 2895 24
87 1343
88 591
88 529 582 2 6
88 1315
89 823
89 1015
89 1240
89 1241
89 1242
89 1243
89 1244
89 1245
89 1246
89 1017
89 1247
89 1180
89 1255
89 1258
89 822 2824 284 67
89 1332
90 827
90 1254
90 1264
90 1255
90 1259
90 1291
90 1257
90 1292
90 1293
90 1261
90 146 262230 175850 680
90 167 74640 24492 283
90 180 63574 48935 486
90 140 11935 5732 147
90 150 246472 112076 59
90 191 118276 99835 219
90 161 1159695 1233089 760
90 151 51951 29197 297
90 143 83431 35537 480
90 148 84334 179369 126
90 159 52619 8076 303
90 169 47577 18049 530
90 157 18705 7448 146
90 154 326359 153262 801
90 177 5199 4004 50
90 202 42255 60323 197
90 637 3905 979 55
90 158 87188 77793 93
90 190 6095 9392 153
90 162 67907 58870 319
90 163 145324 139723 495
90 165 46067 21106 263
90 166 23485 7617 215
90 170 70669 45377 175
90 171 1592 606 40
90 172 6438 3436 39
90 173 604 185 48
90 174 83686 60536 306
90 175 98415 19007 152
90 176 106694 90582 372
90 178 75002 189885 121
90 145 97847 46605 206
90 179 48729 15778 133
90 181 45501 25500 236
90 182 400663 249227 905
90 183 10565 4352 112
90 184 50003 13246 123
90 185 676328 56134 971
90 186 172298 157108 193
90 187 13453 9328 76
90 160 18896 8171 73
90 824 1575 966 49
90 188 3541 4814 119
90 189 6817 5075 63
90 156 23199 8675 212
90 290 6537 3684 63
90 192 143943 341954 291
90 194 178773 151032 485
90 195 2435050 1558071 622
90 196 161672 88014 262
90 198 293872 186893 331
90 153 13960 9594 100
90 607 4804 3722 40
90 825 96198 76936 56
90 142 33948 22159 330
90 826 44646 5243 36
90 638 51229 47285 80
90 203 149241 122463 269
90 204 13900 12081 108
90 205 119029 221657 239
90 206 6281 5958 196
90 362 17730 7378 65
90 144 25618 15183 178
90 208 41741 117725 100
90 210 19231 7987 50
90 211 82070 27307 252
90 1310
91 829
91 828 1976 128 38
91 1337
92 829
92 828 10369 109 64
92 1321
93 831
93 1264
93 1294
93 830 10068 1346 205
93 1344
94 832
94 1248
94 1181
94 1015
94 1249
94 1250
94 1337
95 591
95 1295
95 1267
95 1254
95 1258
95 560 3069 3 7
95 1317
96 833
96 1255
96 1306
97 836
97 1254
97 1255
97 1257
97 1258
97 1268
97 1263
97 825 5927 1206 15
97 796 1167 595 8
97 689 66157 31208 185
97 152 90 76 4
97 834 3829 1900 73
97 684 34242 25250 220
97 311 12 14 8
97 820 1800 32 2
97 826 45 11 2
97 364 3 3 3
97 598 289 92 9
97 835 1581 862 8
97 1320
98 837
98 1015
98 1041
98 1144
98 1251
98 1327
99 839
99 1254
99 1291
99 838 1683273 456 3
99 1342
100 840
100 616 112 4 14
100 1337
101 591
101 1015
101 1084
101 1252
101 1254
101 1275
101 1267
101 1258
101 1255
101 1257
101 542 193 0 1
101 538 447 1 3
101 529 227 3 3
101 556 1546 3 1
101 560 174 0 2
101 1317
102 841
102 1264
102 746 349 75 25
102 1330
103 842
103 758 11 7 1
103 753 3104 2632 7
103 617 35017 12176 24
103 1328
104 843
104 1296
104 1259
104 1345
105 844
105 808 155 17 8
105 1336
106 845
106 830 125 88 62
106 1338
107 867
107 1255
107 1268
107 1258
107 1257
107 1254
107 846 19 19 2
107 847 10 9 5
107 848 2 2 1
107 849 1 1 1
107 850 3 2 2
107 671 86878 33867 800
107 851 2 2 1
107 852 1 1 1
107 853 8 8 2
107 417 2 2 1
107 854 2 2 1
107 254 13 10 1
107 652 3 3 1
107 855 20 20 4
107 856 2 2 1
107 256 3 3 1
107 857 1 1 1
107 858 16 16 9
107 630 1 1 1
107 160 7623 357 12
107 859 7 7 5
107 860 10 10 5
107 526 18 18 1
107 224 19 3 1
107 861 1 1 1
107 862 3 3 2
107 863 10 10 7
107 864 3 3 1
107 865 32 26 5
107 866 9 2 6
107 1314
108 869
108 1258
108 1255
108 868 868 0 3
108 1305
109 871
109 1254
109 870 789430 8 4
109 1342
110 876
110 1277
110 1297
110 1255
110 1260
110 1259
110 1258
110 1264
110 1298
110 1261
110 1299
110 1263
110 1257
110 872 2 2 1
110 873 28 28 1
110 722 4 12 1
110 632 329 0 1
110 511 27 26 2
110 492 4 4 1
110 712 1364 346 21
110 779 2 2 1
110 874 100 21 3
110 780 209 84 15
110 311 2 2 1
110 343 6 6 2
110 875 8447 5995 317
110 736 4243 3970 151
110 1340
111 829
111 828 250 13 12
111 1306
112 882
112 1254
112 1255
112 1257
112 1259
112 1300
112 1258
112 1264
112 296 9 9 1
112 524 130 3 3
112 311 6 6 2
112 366 13 13 4
112 349 1 2 1
112 747 1 1 1
112 877 1 10 1
112 878 176 44 4
112 449 16 7 2
112 879 484 54 1
112 461 13 13 3
112 465 4 4 3
112 394 1 0 1
112 628 199 62 1
112 702 408 30 2
112 275 7 1 4
112 880 220 310 2
112 629 5013 2339 39
112 778 49 7 1
112 334 3 1 1
112 364 12 12 2
112 818 1046 862 18
112 608 1 1 1
112 881 28292 13262 186
112 1346
113 883
113 1254
113 1255
113 1259
113 1257
113 1258
113 870 2930237 1785115 378
113 152 24 23 1
113 704 1 1 1
113 763 228 17 17
113 834 1067 8068 5
113 838 69332 17451 211
113 1342
114 817
114 816 279 1 2
114 1343
115 890
115 663 5 5 1
115 321 34 14 3
115 679 9 0 1
115 657 3 3 1
115 513 94 0 4
115 629 9 6 1
115 317 25 0 1
115 372 2 1 2
115 776 30 0 1
115 338 8 1 2
115 218 23 7 5
115 201 86 14 9
115 522 17 2 4
115 713 41 14 3
115 688 215 46 19
115 782 49 2 4
115 141 54 1 2
115 884 5 5 1
115 176 22 1 4
115 243 8 0 1
115 149 325 270 12
115 689 118 1 3
115 690 11 1 1
115 819 20 1 2
115 872 10 1 1
115 653 18 0 2
115 222 17 1 2
115 693 49 31 4
115 694 19 8 2
115 223 9 1 1
115 242 22 1 2
115 704 104 3 5
115 503 15 6 2
115 169 20 0 1
115 504 6 0 1
115 885 17 1 3
115 350 16 0 1
115 462 11 0 1
115 427 10 0 1
115 687 99 12 10
115 824 3 3 2
115 886 94 4 8
115 742 22 0 1
115 702 141 3 5
115 275 493 65 22
115 397 204 11 3
115 887 1 1 1
115 597 1 1 1
115 707 30 13 3
115 233 22 4 6
115 160 14 0 1
115 877 8 1 1
115 605 3 3 1
115 888 36 3 2
115 889 9 0 1
115 577 1 1 1
115 708 4 4 2
115 584 6120 5424 117
115 699 68 21 4
115 660 58 4 3
115 661 57 2 1
115 345 32 5 8
115 712 66 1 5
115 759 21 0 2
115 491 28 5 2
115 490 36 0 3
115 215 36 3 2
115 638 13 3 3
115 319 12 1 2
115 318 15 4 2
115 835 21 0 1
115 1309
116 891
116 1326
117 829
117 828 158 23 16
117 1311
118 892
118 1254
118 1258
118 1313
119 893
119 754 28183 167 6
119 1328
120 894
120 1254
120 1267
120 1255
120 1269
120 1258
120 1264
120 1270
120 1272
120 677 1 0 1
120 368 4909 69 9
120 393 872 248 11
120 783 455 450 1
120 377 11112 2433 26
120 370 9775 5550 120
120 372 3012 14 5
120 852 3 3 1
120 402 10 5 2
120 678 2 2 1
120 395 42 244 3
120 397 2447 3532 27
120 398 39401 21958 217
120 399 1384 730 15
120 378 1778 1479 12
120 401 39 1 2
120 396 12043 6803 39
120 373 11 1 2
120 403 8740 3969 18
120 381 57879 28231 206
120 382 293 339 2
120 383 94 115 2
120 296 2 2 1
120 406 233 12 3
120 369 73036 50165 151
120 409 26700 26590 181
120 385 73 84 5
120 386 2065 35 3
120 387 16120 8265 55
120 388 6153 1309 31
120 411 5852 1149 40
120 390 143 23 2
120 391 90 32 2
120 412 3173 935 22
120 374 5984 637 8
120 392 16915 17255 115
120 413 128 89 7
120 1311
121 895
121 1279
121 1267
121 1269
121 1274
121 1268
121 1264
121 1258
121 1255
121 1275
121 386 31652 16827 574
121 389 426 144 8
121 880 1425 465 31
121 664 6 150 5
121 584 70 44 5
121 1340
122 896
122 1254
122 1279
122 1257
122 1294
122 1255
122 1258
122 1267
122 1259
122 1264
122 799 760 131 14
122 873 5 3 3
122 879 45 25 4
122 594 1645 1179 20
122 655 4 3 2
122 680 485 118 47
122 579 8 17 3
122 814 664 616 2
122 755 2671 1536 63
122 760 3 1 2
122 1313
123 898
123 359 66 4 2
123 816 1 1 1
123 897 1 0 1
123 679 214 11 3
123 623 1 0 1
123 613 1 0 1
123 888 22 18 1
123 699 104 66 4
123 604 84 0 1
123 275 1590 388 137
123 700 2 2 2
123 617 15 11 5
123 711 103 22 7
123 777 1 1 1
123 622 10 0 1
123 881 1 1 1
123 692 7 3 4
123 693 28 11 3
123 1324
124 869
124 1255
124 868 1015 39 4
124 1305
125 899
125 1273
125 1267
125 1255
125 1264
125 1269
125 1276
125 474 1 1 1
125 442 992 550 5
125 431 20 0 1
125 436 1 1 1
125 488 11 1 1
125 480 2 0 1
125 449 3 2 1
125 468 79 70 1
125 435 918 771 3
125 469 45 2 2
125 385 357 146 15
125 471 1 1 1
125 487 35 9 1
125 472 103 18 2
125 439 268 38 2
125 433 2 2 1
125 470 251 121 6
125 432 169 17 1
125 430 1 1 1
125 460 79 36 1
125 440 4 4 1
125 441 22 8 1
125 486 233 176 5
125 434 42 6 1
125 479 2 2 1
125 473 5 2 1
125 438 28 18 2
125 443 16 2 1
125 447 2 2 1
125 444 29 29 1
125 445 3 3 1
125 446 418 7 1
125 403 7793 5402 4
125 381 6048 2334 78
125 476 1 1 1
125 477 2 2 1
125 478 285 264 1
125 450 33 6 1
125 451 90 22 2
125 452 1 1 1
125 453 32 22 1
125 369 53236 16266 175
125 454 513 17 2
125 409 4359 3685 64
125 456 66 10 2
125 455 4 4 1
125 481 259 2 1
125 387 39541 20167 303
125 457 197 49 1
125 482 411 4 1
125 398 18714 12511 47
125 458 3 2 3
125 483 408 175 7
125 475 3576 1425 31
125 484 190 81 9
125 448 137 5 2
125 459 1 1 1
125 437 1 1 1
125 485 1 1 1
125 462 1 1 1
125 411 1170 520 15
125 463 134 0 1
125 464 4 4 1
125 392 10073 4269 60
125 393 98 3 1
125 466 398 77 6
125 467 45 11 2
125 1311
126 900
126 1264
126 1255
126 1285
126 1254
126 1259
126 1258
126 1257
126 1307
127 901
127 1255
127 1268
127 1257
127 1254
127 847 10 9 5
127 860 10 10 5
127 849 1 1 1
127 851 2 2 1
127 417 2 2 1
127 856 2 2 1
127 866 9 2 6
127 848 2 2 1
127 850 3 2 2
127 862 1 1 1
127 671 70134 30127 593
127 846 19 19 2
127 852 1 1 1
127 857 1 1 1
127 854 2 2 1
127 861 1 1 1
127 858 16 16 9
127 855 6 6 3
127 863 10 10 7
127 160 7623 357 12
127 853 8 8 2
127 864 3 3 1
127 254 13 10 1
127 865 32 26 5
127 859 2 2 1
127 1347
128 829
128 828 93 3 7
128 1327
129 905
129 1254
129 1255
129 356 0 4 1
129 785 1 1 1
129 199 12 10 1
129 902 8 8 4
129 275 11 5 3
129 465 1 4 2
129 173 1 0 1
129 358 18 1 1
129 595 2 2 1
129 341 72 6 3
129 207 4 4 3
129 290 1 3 2
129 885 30 8 2
129 366 2 2 1
129 636 1 0 1
129 889 30 20 12
129 160 221 27 6
129 903 1 0 1
129 518 6 1 1
129 424 1 1 1
129 360 32 10 1
129 627 123 10 2
129 296 8 8 1
129 696 896 489 7
129 153 463 12 5
129 711 697 9 11
129 904 1 0 1
129 826 106 34 4
129 204 39676 5506 4
129 667 1 0 1
129 416 16 4 1
129 700 8802 10237 67
129 780 1 1 1
129 364 7 7 3
129 209 12 8 2
129 1305
130 925
130 1254
130 1257
130 1255
130 1258
130 631 0 7 1
130 429 142 2 2
130 906 86 26 3
130 279 1 1 1
130 907 7 0 1
130 275 45 1 3
130 908 804 0 1
130 909 29 27 4
130 439 719 13 1
130 887 1177 149 10
130 736 34 1 1
130 910 1 1 1
130 911 225 2 1
130 912 333 115 3
130 903 30 45 2
130 913 2 2 1
130 914 85 26 2
130 878 53 20 1
130 915 6 5 2
130 636 52 29 1
130 916 383 267721 9
130 917 134 135 21
130 303 1 1 1
130 918 5 9 2
130 919 2 2 1
130 693 4597753 2712544 885
130 920 476931 441006 103
130 711 2 2 1
130 897 10104 2263 14
130 888 736931 1638 54
130 921 137 8 3
130 886 3307946 10987989 116
130 922 1043 104 8
130 923 4 1 2
130 924 7 7 1
130 685 1 1 1
130 1348
131 926
131 1254
131 1257
131 631 0 7 1
131 912 333 115 3
131 906 76 19 2
131 914 85 26 2
131 886 2721735 265365 29
131 902 1 1 1
131 275 45 1 3
131 909 28 26 3
131 908 804 0 1
131 711 2 2 1
131 772 879 817 129
131 915 6 5 2
131 600 1 1 1
131 903 1 1 1
131 910 1 1 1
131 917 99 100 16
131 920 3302 1502 32
131 911 225 2 1
131 919 2 2 1
131 897 10104 2263 14
131 888 708117 1316 30
131 921 137 8 3
131 362 2 2 1
131 922 864 8 1
131 788 505 244 16
131 916 211 270 8
131 918 5 9 2
131 923 4 1 2
131 924 7 7 1
131 693 89194 2282755 421
131 1348
132 928
132 1254
132 1279
132 1258
132 1257
132 1255
132 565 51 5 1
132 533 1 1 1
132 558 3 3 1
132 550 463 231 4
132 566 90 20 5
132 493 144 2 2
132 567 670 17 3
132 552 8239 4286 35
132 538 2320 131 13
132 531 4 0 1
132 535 2 2 1
132 554 197 173 25
132 561 284 35 4
132 537 239 0 1
132 568 2 1 1
132 541 3 3 2
132 536 109 50 9
132 551 35 0 2
132 539 32814 214 5
132 569 2 2 1
132 543 17 5 1
132 571 4063 0 1
132 544 4 4 1
132 545 129 0 1
132 574 94 6 4
132 749 330 0 1
132 546 36554 98 5
132 576 399 55 17
132 927 440 1 1
132 547 44 6 3
132 548 3068 5107 3
132 549 269 79 4
132 258 760852 955 53
132 580 481 0 1
132 581 53463 824 10
132 553 4 0 1
132 582 155 76 5
132 529 1036 1794 49
132 532 608 2 3
132 556 1274 132 6
132 557 120 48 2
132 572 30879 249 26
132 584 32 2 2
132 559 78 57 3
132 586 228 225 2
132 560 113756 1356604 142
132 587 627 51 2
132 578 340 37 5
132 562 199 29 2
132 563 1 1 1
132 588 528 225 5
132 589 292561 23059 25
132 590 79699 5 5
132 1315
133 929
133 1257
133 1258
133 927 0 2 2
133 710 3 0 3
133 907 3 0 2
133 669 1 0 1
133 492 2 1 2
133 884 5 3 2
133 670 2 2 2
133 668 4 3 3
133 665 3 2 2
133 257 2 1 2
133 691 2 1 2
133 638 2 1 2
133 160 1 2 2
133 777 17 0 2
133 584 13 20 10
133 259 8 4 6
133 526 3 1 2
133 695 15 13 2
133 904 2 0 2
133 261 10 3 3
133 874 3 1 3
133 253 19 19 3
133 489 1 0 1
133 875 2 1 2
133 1320
134 930
134 1313
135 1011
135 1261
135 1259
135 1267
135 1255
135 1269
135 1264
135 1257
135 1301
135 1297
135 1277
135 1302
135 1303
135 1304
135 1258
135 931 181 127 14
135 932 15 7 5
135 933 64 5 3
135 934 94 21 9
135 935 751 546 21
135 936 618 371 16
135 937 28 131 8
135 938 131 84 5
135 939 18 11 8
135 940 172 51 9
135 941 8 5 4
135 942 121 3 3
135 943 12368 3282 128
135 944 18130 7317 158
135 945 80 4 5
135 946 399 118 14
135 947 5 2 2
135 948 193 18 4
135 949 313 24 8
135 950 31 16 5
135 951 27309 15069 29
135 952 50 12 3
135 953 1330 225 24
135 954 17 16 4
135 955 12 4 2
135 956 8 6 5
135 957 126 24 10
135 958 340 304 9
135 959 125 10 3
135 960 5 2 3
135 961 31 35 7
135 962 319 171 3
135 963 142 22 3
135 964 1554 884 24
135 965 172 1 3
135 966 288 40 6
135 967 6 6 3
135 968 816 283 25
135 969 35183 13871 581
135 970 12 4 7
135 971 153 8 3
135 972 173 42 7
135 973 207 21 8
135 974 4 0 3
135 975 5305 4585 34
135 976 128 8 3
135 977 745 209 29
135 978 76 60 5
135 979 10676 7151 150
135 980 3 3 2
135 981 205 30 23
135 982 43 8 3
135 983 29 26 3
135 984 153 12 8
135 985 964 499 32
135 986 8 6 5
135 987 639 10 10
135 988 5 3 3
135 989 90 62 5
135 990 82 64 7
135 991 33 11 4
135 992 12 11 4
135 993 2060 1091 35
135 994 5576 1729 109
135 995 812 236 11
135 996 36 19 6
135 997 15 6 3
135 998 396 61 4
135 999 270 54 11
135 756 624726 470905 3791
135 1000 40147 26702 523
135 1001 138 15 6
135 1002 7 7 3
135 1003 127 24 4
135 1004 120 122 4
135 1005 60 26 4
135 1006 179 56 19
135 1007 89 49 3
135 1008 395 7 5
135 1009 9 7 3
135 1010 39 33 4
135 1314
136 1012
136 1261
136 1259
136 1267
136 1255
136 1269
136 1264
136 1257
136 1301
136 1277
136 1297
136 1302
136 1303
136 1258
136 1304
136 937 34 137 10
136 1008 395 7 5
136 936 618 371 16
136 1005 60 26 4
136 945 82 6 6
136 944 34920 9470 226
136 984 153 12 8
136 943 14218 3994 214
136 939 18 11 8
136 932 15 7 5
136 985 964 499 32
136 962 319 171 3
136 948 193 18 4
136 950 31 16 5
136 940 172 51 9
136 946 399 118 14
136 947 11 6 3
136 935 751 546 21
136 942 121 3 3
136 951 27559 15169 30
136 952 50 12 3
136 954 17 16 4
136 955 16 7 3
136 956 8 6 5
136 957 126 24 10
136 934 94 21 9
136 958 340 304 9
136 959 125 10 3
136 960 5 2 3
136 961 31 35 7
136 931 181 127 14
136 963 142 22 3
136 964 1554 884 24
136 965 172 1 3
136 966 288 40 6
136 967 6 6 3
136 933 95 7 6
136 968 828 295 26
136 969 44767 20987 704
136 970 12 4 7
136 971 153 8 3
136 972 173 42 7
136 973 207 21 8
136 974 5 1 4
136 975 5305 4585 34
136 988 5 3 3
136 976 128 8 3
136 977 745 209 29
136 978 76 60 5
136 979 14392 8067 227
136 981 2615 3235 312
136 982 43 8 3
136 980 29 9 4
136 983 29 26 3
136 941 8 5 4
136 913 5839 4959 68
136 986 13 11 8
136 987 639 10 10
136 989 90 62 5
136 990 82 64 7
136 991 33 11 4
136 992 12 11 4
136 993 2061 1091 36
136 994 5592 1737 110
136 995 812 236 11
136 996 11383 2095 57
136 997 24 18 5
136 998 396 61 4
136 999 270 54 11
136 756 624878 470987 3793
136 1000 40155 26719 524
136 1001 138 15 6
136 1002 7 7 3
136 1003 127 24 4
136 1004 120 122 4
136 953 1330 225 24
136 949 824 38 12
136 1006 179 56 19
136 1007 89 49 3
136 938 6845 2605 123
136 1009 10 8 4
136 1010 39 33 4
136 1314
137 823
137 1180
137 1253
137 1050
137 1015
137 1268
137 822 1454 475 15
137 1308
138 1013
138 1337
139 1014
139 1254
139 1255
139 1258
139 266 25 2 3
139 267 9 0 1
139 295 113 72 15
139 268 36 0 2
139 269 86 8 3
139 301 93 49 3
139 283 150 35 10
139 287 63 3 1
139 271 309 181 18
139 275 5 1 2
139 274 41 3 2
139 299 6 2 1
139 278 3 3 1
139 300 56 4 2
139 272 1 1 1
139 276 12 0 1
139 277 5 5 2
139 302 12278 5263 214
139 282 98 1 1
139 303 3 3 1
139 297 8 0 1
139 293 1 1 1
139 304 12 0 1
139 273 8 8 1
139 284 11 3 1
139 313 4 4 1
139 285 897 490 20
139 286 17 1 2
139 289 37633 12455 500
139 288 37 0 1
139 305 1563 778 11
139 270 627 104 8
139 306 1 1 1
139 298 10192 605 45
139 307 160 125 7
139 308 2 3 1
139 309 43 35 3
139 291 13 1 1
139 310 4 1 1
139 292 4 13 3
139 312 2 0 1
139 281 8 3 1
139 314 3345 860 38
139 265 93 196 8
139 294 57 0 1
139 1305
