0 212 1
0 1015 1
0 1016 1
0 1017 1
0 1018 1
0 1254 1
0 1255 1
0 1256 1
0 1257 1
0 1258 1
0 1259 1
0 1260 1
0 1261 1
0 1262 1
0 1263 1
0 1264 1
0 140 1
0 141 1
0 142 1
0 143 1
0 144 1
0 145 1
0 146 1
0 147 1
0 148 1
0 149 1
0 150 1
0 151 1
0 152 1
0 153 1
0 154 1
0 155 1
0 156 1
0 157 1
0 158 1
0 159 1
0 160 1
0 161 1
0 162 1
0 163 1
0 164 1
0 165 1
0 166 1
0 167 1
0 168 1
0 169 1
0 170 1
0 171 1
0 172 1
0 173 1
0 174 1
0 175 1
0 176 1
0 177 1
0 178 1
0 179 1
0 180 1
0 181 1
0 182 1
0 183 1
0 184 1
0 185 1
0 186 1
0 187 1
0 188 1
0 189 1
0 190 1
0 191 1
0 192 1
0 193 1
0 194 1
0 195 1
0 196 1
0 197 1
0 198 1
0 199 1
0 200 1
0 201 1
0 202 1
0 203 1
0 204 1
0 205 1
0 206 1
0 207 1
0 208 1
0 209 1
0 210 1
0 211 1
0 1305 1
1 252 1
1 1019 1
1 1020 1
1 1021 1
1 1022 1
1 1023 1
1 1024 1
1 1025 1
1 1026 1
1 1027 1
1 1028 1
1 1029 1
1 1016 1
1 1030 1
1 1254 1
1 1255 1
1 1256 1
1 1257 1
1 1258 1
1 213 1
1 214 1
1 215 1
1 216 1
1 217 1
1 218 1
1 219 1
1 220 1
1 221 1
1 222 1
1 223 1
1 224 1
1 225 1
1 226 1
1 227 1
1 228 1
1 229 1
1 230 1
1 231 1
1 232 1
1 233 1
1 234 1
1 235 1
1 236 1
1 237 1
1 238 1
1 239 1
1 240 1
1 241 1
1 242 1
1 243 1
1 244 1
1 245 1
1 246 1
1 247 1
1 248 1
1 249 1
1 250 1
1 251 1
1 1306 1
2 264 1
2 1031 1
2 1032 1
2 1033 1
2 1027 1
2 1034 1
2 253 1
2 254 1
2 255 1
2 256 1
2 257 1
2 258 1
2 259 1
2 260 1
2 261 1
2 262 1
2 263 1
2 1307 1
3 315 1
3 1016 1
3 1035 1
3 1036 1
3 1037 1
3 1038 1
3 1027 1
3 1033 1
3 1039 1
3 1040 1
3 1041 1
3 1034 1
3 1254 1
3 1255 1
3 265 1
3 266 1
3 267 1
3 268 1
3 269 1
3 270 1
3 271 1
3 272 1
3 273 1
3 274 1
3 275 1
3 276 1
3 277 1
3 278 1
3 279 1
3 280 1
3 281 1
3 282 1
3 283 1
3 284 1
3 285 1
3 286 1
3 287 1
3 288 1
3 289 1
3 290 1
3 291 1
3 292 1
3 293 1
3 294 1
3 295 1
3 296 1
3 297 1
3 298 1
3 299 1
3 300 1
3 301 1
3 302 1
3 303 1
3 304 1
3 305 1
3 306 1
3 307 1
3 308 1
3 309 1
3 310 1
3 311 1
3 312 1
3 313 1
3 314 1
3 1308 1
4 335 1
4 1020 1
4 1042 1
4 1043 1
4 1044 1
4 1045 1
4 1046 1
4 1047 1
4 1021 1
4 1017 1
4 1030 1
4 1265 1
4 1257 1
4 1255 1
4 1259 1
4 1261 1
4 1258 1
4 213 1
4 316 1
4 216 1
4 317 1
4 226 1
4 318 1
4 214 1
4 319 1
4 320 1
4 321 1
4 249 1
4 322 1
4 323 1
4 324 1
4 325 1
4 223 1
4 326 1
4 327 1
4 244 1
4 225 1
4 243 1
4 311 1
4 227 1
4 328 1
4 228 1
4 229 1
4 329 1
4 231 1
4 232 1
4 330 1
4 331 1
4 234 1
4 235 1
4 332 1
4 236 1
4 333 1
4 237 1
4 217 1
4 238 1
4 239 1
4 240 1
4 334 1
4 215 1
4 245 1
4 246 1
4 247 1
4 230 1
4 248 1
4 219 1
4 250 1
4 251 1
4 221 1
4 1309 1
5 367 1
5 1048 1
5 1049 1
5 1018 1
5 1050 1
5 1017 1
5 1051 1
5 1015 1
5 1030 1
5 1254 1
5 1255 1
5 1257 1
5 1258 1
5 1266 1
5 336 1
5 337 1
5 338 1
5 339 1
5 340 1
5 275 1
5 341 1
5 342 1
5 343 1
5 344 1
5 345 1
5 155 1
5 346 1
5 347 1
5 348 1
5 349 1
5 165 1
5 350 1
5 351 1
5 311 1
5 352 1
5 353 1
5 354 1
5 355 1
5 356 1
5 357 1
5 358 1
5 359 1
5 360 1
5 361 1
5 193 1
5 197 1
5 200 1
5 147 1
5 362 1
5 363 1
5 364 1
5 365 1
5 210 1
5 366 1
5 1310 1
6 414 1
6 1052 1
6 1043 1
6 1035 1
6 1015 1
6 1053 1
6 1027 1
6 1254 1
6 1267 1
6 1255 1
6 1268 1
6 1258 1
6 1269 1
6 1264 1
6 1256 1
6 1270 1
6 1271 1
6 1272 1
6 368 1
6 369 1
6 370 1
6 371 1
6 372 1
6 373 1
6 374 1
6 375 1
6 311 1
6 376 1
6 377 1
6 378 1
6 379 1
6 380 1
6 381 1
6 382 1
6 383 1
6 384 1
6 385 1
6 349 1
6 386 1
6 387 1
6 388 1
6 389 1
6 390 1
6 391 1
6 392 1
6 393 1
6 394 1
6 395 1
6 396 1
6 397 1
6 398 1
6 399 1
6 400 1
6 401 1
6 402 1
6 403 1
6 404 1
6 405 1
6 406 1
6 407 1
6 408 1
6 409 1
6 410 1
6 411 1
6 412 1
6 413 1
6 1311 1
7 428 1
7 1054 1
7 1055 1
7 1056 1
7 1057 1
7 1027 1
7 1017 1
7 1254 1
7 1255 1
7 1257 1
7 1258 1
7 415 1
7 280 1
7 416 1
7 417 1
7 364 1
7 418 1
7 354 1
7 419 1
7 420 1
7 421 1
7 422 1
7 423 1
7 424 1
7 404 1
7 349 1
7 425 1
7 207 1
7 426 1
7 427 1
7 311 1
7 394 1
7 366 1
7 1310 1
8 414 1
8 1027 1
8 1052 1
8 1053 1
8 1058 1
8 1273 1
8 1267 1
8 1255 1
8 1274 1
8 1275 1
8 1269 1
8 1276 1
8 429 1
8 430 1
8 431 1
8 432 1
8 433 1
8 434 1
8 435 1
8 411 1
8 436 1
8 437 1
8 438 1
8 439 1
8 364 1
8 440 1
8 441 1
8 442 1
8 443 1
8 444 1
8 379 1
8 445 1
8 446 1
8 447 1
8 381 1
8 448 1
8 449 1
8 450 1
8 451 1
8 452 1
8 453 1
8 454 1
8 385 1
8 455 1
8 387 1
8 456 1
8 457 1
8 458 1
8 459 1
8 460 1
8 461 1
8 462 1
8 463 1
8 464 1
8 465 1
8 392 1
8 393 1
8 466 1
8 467 1
8 468 1
8 469 1
8 470 1
8 471 1
8 397 1
8 398 1
8 472 1
8 473 1
8 474 1
8 378 1
8 475 1
8 403 1
8 476 1
8 477 1
8 404 1
8 405 1
8 478 1
8 479 1
8 480 1
8 369 1
8 409 1
8 481 1
8 482 1
8 483 1
8 484 1
8 485 1
8 486 1
8 487 1
8 488 1
8 1311 1
9 495 1
9 1059 1
9 1060 1
9 1061 1
9 1062 1
9 1063 1
9 1027 1
9 1064 1
9 1065 1
9 1066 1
9 1067 1
9 1254 1
9 1261 1
9 1277 1
9 1257 1
9 1255 1
9 1267 1
9 1259 1
9 1278 1
9 1258 1
9 275 1
9 489 1
9 490 1
9 311 1
9 491 1
9 360 1
9 339 1
9 402 1
9 492 1
9 493 1
9 494 1
9 462 1
9 1312 1
10 517 1
10 1015 1
10 1068 1
10 1035 1
10 1069 1
10 1070 1
10 1071 1
10 1027 1
10 1072 1
10 1017 1
10 1050 1
10 1073 1
10 1254 1
10 1255 1
10 1267 1
10 1257 1
10 1258 1
10 496 1
10 497 1
10 498 1
10 499 1
10 500 1
10 501 1
10 502 1
10 503 1
10 504 1
10 311 1
10 505 1
10 506 1
10 507 1
10 508 1
10 509 1
10 510 1
10 511 1
10 512 1
10 423 1
10 513 1
10 360 1
10 514 1
10 515 1
10 516 1
10 1313 1
11 528 1
11 1074 1
11 1075 1
11 1076 1
11 1015 1
11 1077 1
11 1035 1
11 1078 1
11 1079 1
11 1080 1
11 1017 1
11 1027 1
11 1081 1
11 1082 1
11 1083 1
11 1030 1
11 1254 1
11 1279 1
11 1255 1
11 1257 1
11 1280 1
11 1259 1
11 1258 1
11 1271 1
11 1261 1
11 1264 1
11 1267 1
11 518 1
11 220 1
11 230 1
11 333 1
11 519 1
11 330 1
11 520 1
11 521 1
11 522 1
11 218 1
11 316 1
11 523 1
11 233 1
11 320 1
11 321 1
11 524 1
11 323 1
11 238 1
11 525 1
11 325 1
11 526 1
11 384 1
11 327 1
11 527 1
11 241 1
11 326 1
11 426 1
11 1314 1
12 591 1
12 1015 1
12 1028 1
12 1084 1
12 1085 1
12 1086 1
12 1030 1
12 1254 1
12 1279 1
12 1257 1
12 1258 1
12 1255 1
12 529 1
12 530 1
12 531 1
12 258 1
12 532 1
12 533 1
12 534 1
12 535 1
12 498 1
12 536 1
12 537 1
12 538 1
12 539 1
12 540 1
12 541 1
12 542 1
12 543 1
12 544 1
12 545 1
12 546 1
12 547 1
12 548 1
12 549 1
12 550 1
12 551 1
12 552 1
12 553 1
12 554 1
12 555 1
12 556 1
12 557 1
12 558 1
12 559 1
12 560 1
12 561 1
12 562 1
12 563 1
12 564 1
12 565 1
12 566 1
12 567 1
12 568 1
12 569 1
12 570 1
12 571 1
12 572 1
12 573 1
12 574 1
12 575 1
12 576 1
12 577 1
12 578 1
12 493 1
12 579 1
12 580 1
12 581 1
12 582 1
12 583 1
12 584 1
12 585 1
12 586 1
12 587 1
12 588 1
12 589 1
12 590 1
12 1315 1
13 601 1
13 1087 1
13 1015 1
13 1088 1
13 1089 1
13 1090 1
13 1091 1
13 1092 1
13 1053 1
13 1093 1
13 1094 1
13 1095 1
13 1254 1
13 1255 1
13 1271 1
13 1257 1
13 1268 1
13 1258 1
13 592 1
13 275 1
13 593 1
13 594 1
13 400 1
13 595 1
13 596 1
13 597 1
13 598 1
13 397 1
13 521 1
13 424 1
13 599 1
13 600 1
13 410 1
13 1316 1
14 610 1
14 1050 1
14 1096 1
14 1017 1
14 1254 1
14 1259 1
14 1255 1
14 1257 1
14 1258 1
14 311 1
14 602 1
14 510 1
14 145 1
14 603 1
14 519 1
14 364 1
14 338 1
14 465 1
14 336 1
14 604 1
14 605 1
14 337 1
14 355 1
14 357 1
14 353 1
14 340 1
14 606 1
14 607 1
14 346 1
14 363 1
14 347 1
14 348 1
14 349 1
14 608 1
14 609 1
14 344 1
14 366 1
14 1317 1
15 624 1
15 1028 1
15 1097 1
15 1255 1
15 1257 1
15 611 1
15 275 1
15 612 1
15 203 1
15 613 1
15 614 1
15 615 1
15 616 1
15 617 1
15 540 1
15 548 1
15 584 1
15 618 1
15 298 1
15 529 1
15 619 1
15 491 1
15 620 1
15 621 1
15 622 1
15 623 1
15 1314 1
16 633 1
16 1098 1
16 1015 1
16 1099 1
16 1050 1
16 1036 1
16 1100 1
16 1101 1
16 1102 1
16 1103 1
16 1104 1
16 1105 1
16 1106 1
16 1107 1
16 1275 1
16 1255 1
16 1257 1
16 1271 1
16 1280 1
16 1258 1
16 1270 1
16 1281 1
16 1282 1
16 275 1
16 625 1
16 626 1
16 627 1
16 422 1
16 628 1
16 629 1
16 630 1
16 512 1
16 631 1
16 632 1
16 611 1
16 536 1
16 1318 1
17 641 1
17 1015 1
17 1108 1
17 1109 1
17 1072 1
17 1110 1
17 1111 1
17 1112 1
17 1113 1
17 1254 1
17 1271 1
17 1255 1
17 1257 1
17 1258 1
17 634 1
17 354 1
17 635 1
17 636 1
17 637 1
17 342 1
17 515 1
17 527 1
17 585 1
17 638 1
17 207 1
17 419 1
17 420 1
17 365 1
17 639 1
17 640 1
17 1314 1
18 643 1
18 1027 1
18 1114 1
18 1115 1
18 1017 1
18 1116 1
18 1015 1
18 1117 1
18 1118 1
18 1119 1
18 1254 1
18 1255 1
18 1259 1
18 1275 1
18 1258 1
18 1257 1
18 519 1
18 642 1
18 275 1
18 1319 1
19 647 1
19 1052 1
19 1035 1
19 1120 1
19 1121 1
19 1122 1
19 1123 1
19 1124 1
19 1027 1
19 1015 1
19 1125 1
19 1126 1
19 1127 1
19 1128 1
19 1129 1
19 1032 1
19 1017 1
19 1130 1
19 1254 1
19 1257 1
19 1255 1
19 1271 1
19 1264 1
19 1283 1
19 1258 1
19 1269 1
19 644 1
19 519 1
19 645 1
19 376 1
19 646 1
19 1320 1
20 658 1
20 1131 1
20 1015 1
20 1035 1
20 1132 1
20 1133 1
20 1134 1
20 1135 1
20 1254 1
20 1255 1
20 1257 1
20 1258 1
20 1259 1
20 513 1
20 648 1
20 421 1
20 141 1
20 415 1
20 634 1
20 525 1
20 644 1
20 649 1
20 650 1
20 503 1
20 651 1
20 652 1
20 653 1
20 654 1
20 655 1
20 207 1
20 511 1
20 656 1
20 630 1
20 584 1
20 520 1
20 361 1
20 516 1
20 424 1
20 657 1
20 1321 1
21 610 1
21 1136 1
21 1137 1
21 1138 1
21 1139 1
21 1140 1
21 1141 1
21 1142 1
21 1143 1
21 1017 1
21 1259 1
21 311 1
21 519 1
21 605 1
21 404 1
21 296 1
21 606 1
21 659 1
21 660 1
21 661 1
21 662 1
21 663 1
21 505 1
21 603 1
21 1315 1
22 674 1
22 1027 1
22 1032 1
22 1144 1
22 1018 1
22 1031 1
22 1145 1
22 1264 1
22 1267 1
22 1269 1
22 1254 1
22 664 1
22 665 1
22 260 1
22 650 1
22 666 1
22 667 1
22 668 1
22 669 1
22 670 1
22 671 1
22 672 1
22 673 1
22 255 1
22 263 1
22 1322 1
23 676 1
23 1050 1
23 1015 1
23 1146 1
23 1147 1
23 1148 1
23 1149 1
23 1150 1
23 1258 1
23 1259 1
23 1264 1
23 1268 1
23 1255 1
23 1267 1
23 675 1
23 1323 1
24 414 1
24 1053 1
24 1052 1
24 1017 1
24 1043 1
24 1265 1
24 1258 1
24 1255 1
24 1257 1
24 677 1
24 678 1
24 405 1
24 409 1
24 411 1
24 372 1
24 369 1
24 381 1
24 407 1
24 408 1
24 375 1
24 388 1
24 387 1
24 378 1
24 602 1
24 379 1
24 371 1
24 380 1
24 403 1
24 392 1
24 370 1
24 413 1
24 1309 1
25 715 1
25 1041 1
25 1108 1
25 1017 1
25 679 1
25 203 1
25 503 1
25 680 1
25 681 1
25 504 1
25 682 1
25 222 1
25 683 1
25 625 1
25 684 1
25 595 1
25 685 1
25 164 1
25 686 1
25 687 1
25 688 1
25 689 1
25 329 1
25 690 1
25 691 1
25 346 1
25 692 1
25 693 1
25 694 1
25 695 1
25 696 1
25 529 1
25 327 1
25 697 1
25 612 1
25 672 1
25 698 1
25 500 1
25 576 1
25 699 1
25 621 1
25 351 1
25 700 1
25 462 1
25 160 1
25 622 1
25 701 1
25 507 1
25 702 1
25 275 1
25 703 1
25 639 1
25 331 1
25 704 1
25 705 1
25 706 1
25 605 1
25 707 1
25 637 1
25 708 1
25 584 1
25 359 1
25 709 1
25 710 1
25 659 1
25 660 1
25 711 1
25 712 1
25 491 1
25 354 1
25 651 1
25 617 1
25 713 1
25 714 1
25 1324 1
26 733 1
26 1151 1
26 1152 1
26 1017 1
26 716 1
26 717 1
26 709 1
26 275 1
26 346 1
26 718 1
26 719 1
26 720 1
26 721 1
26 311 1
26 722 1
26 723 1
26 724 1
26 725 1
26 726 1
26 727 1
26 364 1
26 728 1
26 729 1
26 730 1
26 731 1
26 732 1
26 370 1
26 1324 1
27 733 1
27 1254 1
27 1255 1
27 1257 1
27 1258 1
27 720 1
27 726 1
27 725 1
27 721 1
27 722 1
27 728 1
27 716 1
27 717 1
27 727 1
27 730 1
27 734 1
27 418 1
27 709 1
27 645 1
27 718 1
27 719 1
27 723 1
27 732 1
27 724 1
27 729 1
27 311 1
27 731 1
27 1325 1
28 735 1
28 1015 1
28 1153 1
28 1068 1
28 1027 1
28 1035 1
28 1254 1
28 1255 1
28 1257 1
28 1284 1
28 1258 1
28 640 1
28 502 1
28 514 1
28 515 1
28 496 1
28 425 1
28 673 1
28 635 1
28 499 1
28 207 1
28 419 1
28 1313 1
29 738 1
29 1154 1
29 1015 1
29 1155 1
29 1156 1
29 1157 1
29 1158 1
29 1159 1
29 1137 1
29 1160 1
29 1161 1
29 1162 1
29 1163 1
29 1164 1
29 1165 1
29 1166 1
29 1167 1
29 1060 1
29 1168 1
29 1169 1
29 1067 1
29 1264 1
29 736 1
29 737 1
29 1312 1
30 741 1
30 1050 1
30 1072 1
30 1170 1
30 1171 1
30 1015 1
30 1172 1
30 1173 1
30 1017 1
30 1027 1
30 1174 1
30 1175 1
30 1150 1
30 1176 1
30 1177 1
30 1254 1
30 1257 1
30 739 1
30 668 1
30 740 1
30 1312 1
31 743 1
31 1015 1
31 1178 1
31 1179 1
31 1180 1
31 1181 1
31 1259 1
31 1271 1
31 1255 1
31 1257 1
31 1263 1
31 742 1
31 662 1
31 626 1
31 339 1
31 1326 1
32 715 1
32 1017 1
32 1182 1
32 1285 1
32 529 1
32 361 1
32 744 1
32 275 1
32 745 1
32 746 1
32 698 1
32 697 1
32 149 1
32 747 1
32 621 1
32 617 1
32 615 1
32 584 1
32 701 1
32 748 1
32 1327 1
33 750 1
33 749 1
33 551 1
33 1323 1
34 335 1
34 1017 1
34 1043 1
34 1183 1
34 1184 1
34 1265 1
34 215 1
34 329 1
34 497 1
34 317 1
34 332 1
34 219 1
34 322 1
34 328 1
34 323 1
34 324 1
34 238 1
34 1317 1
35 752 1
35 1267 1
35 1258 1
35 751 1
35 1328 1
36 762 1
36 1185 1
36 1186 1
36 1187 1
36 1188 1
36 1189 1
36 1190 1
36 1134 1
36 1191 1
36 1192 1
36 753 1
36 668 1
36 754 1
36 350 1
36 755 1
36 620 1
36 523 1
36 354 1
36 756 1
36 757 1
36 748 1
36 275 1
36 331 1
36 758 1
36 759 1
36 168 1
36 760 1
36 761 1
36 617 1
36 705 1
36 714 1
36 1328 1
37 766 1
37 763 1
37 764 1
37 617 1
37 261 1
37 745 1
37 765 1
37 1329 1
38 767 1
38 1017 1
38 1193 1
38 1028 1
38 1097 1
38 1257 1
38 619 1
38 612 1
38 203 1
38 275 1
38 564 1
38 1316 1
39 768 1
39 597 1
39 1330 1
40 715 1
40 1194 1
40 1255 1
40 1259 1
40 1264 1
40 1286 1
40 1263 1
40 1258 1
40 1268 1
40 1287 1
40 1257 1
40 769 1
40 770 1
40 771 1
40 701 1
40 617 1
40 772 1
40 773 1
40 1331 1
41 715 1
41 770 1
41 771 1
41 744 1
41 617 1
41 774 1
41 584 1
41 773 1
41 748 1
41 1315 1
42 715 1
42 1263 1
42 1259 1
42 1255 1
42 1254 1
42 1257 1
42 1288 1
42 688 1
42 656 1
42 573 1
42 648 1
42 509 1
42 352 1
42 682 1
42 649 1
42 145 1
42 592 1
42 596 1
42 703 1
42 501 1
42 164 1
42 775 1
42 184 1
42 718 1
42 776 1
42 506 1
42 742 1
42 507 1
42 686 1
42 716 1
42 777 1
42 681 1
42 511 1
42 609 1
42 774 1
42 761 1
42 683 1
42 778 1
42 759 1
42 779 1
42 508 1
42 780 1
42 713 1
42 1332 1
43 781 1
43 1255 1
43 1267 1
43 1258 1
43 654 1
43 622 1
43 1313 1
44 715 1
44 1017 1
44 782 1
44 682 1
44 776 1
44 584 1
44 494 1
44 275 1
44 1321 1
45 715 1
45 1017 1
45 748 1
45 639 1
45 671 1
45 275 1
45 744 1
45 783 1
45 697 1
45 777 1
45 775 1
45 776 1
45 784 1
45 617 1
45 687 1
45 785 1
45 757 1
45 584 1
45 701 1
45 1309 1
46 786 1
46 1017 1
46 1195 1
46 1196 1
46 1197 1
46 1198 1
46 772 1
46 769 1
46 770 1
46 773 1
46 771 1
46 1333 1
47 787 1
47 1041 1
47 1027 1
47 1199 1
47 1200 1
47 1201 1
47 1052 1
47 1202 1
47 1334 1
48 715 1
48 1027 1
48 1015 1
48 1017 1
48 1267 1
48 1287 1
48 1259 1
48 1255 1
48 1264 1
48 1269 1
48 1260 1
48 788 1
48 769 1
48 784 1
48 617 1
48 687 1
48 711 1
48 772 1
48 1335 1
49 766 1
49 789 1
49 765 1
49 1334 1
50 790 1
50 1203 1
50 1202 1
50 1204 1
50 1205 1
50 1017 1
50 1206 1
50 1108 1
50 1207 1
50 1309 1
51 792 1
51 791 1
51 1307 1
52 715 1
52 1017 1
52 617 1
52 697 1
52 584 1
52 275 1
52 1336 1
53 793 1
53 1015 1
53 1208 1
53 1167 1
53 1153 1
53 1072 1
53 1209 1
53 1337 1
54 794 1
54 1210 1
54 666 1
54 1335 1
55 795 1
55 1015 1
55 1211 1
55 1212 1
55 1213 1
55 1214 1
55 1215 1
55 262 1
55 1331 1
56 676 1
56 675 1
56 1309 1
57 797 1
57 1254 1
57 1257 1
57 796 1
57 599 1
57 737 1
57 1324 1
58 792 1
58 791 1
58 1308 1
59 798 1
59 1216 1
59 1217 1
59 1218 1
59 1219 1
59 1220 1
59 1221 1
59 1222 1
59 1149 1
59 1223 1
59 1224 1
59 1225 1
59 1226 1
59 1015 1
59 1227 1
59 1150 1
59 1228 1
59 1229 1
59 1230 1
59 1231 1
59 1232 1
59 1279 1
59 1259 1
59 1267 1
59 1255 1
59 1269 1
59 1264 1
59 1257 1
59 664 1
59 519 1
59 1338 1
60 715 1
60 1017 1
60 622 1
60 706 1
60 584 1
60 275 1
60 701 1
60 1324 1
61 800 1
61 1015 1
61 1017 1
61 799 1
61 1320 1
62 766 1
62 789 1
62 764 1
62 765 1
62 1334 1
63 802 1
63 801 1
63 1309 1
64 803 1
64 784 1
64 1328 1
65 766 1
65 789 1
65 764 1
65 804 1
65 765 1
65 1335 1
66 591 1
66 575 1
66 576 1
66 587 1
66 538 1
66 552 1
66 550 1
66 582 1
66 529 1
66 537 1
66 583 1
66 557 1
66 570 1
66 530 1
66 560 1
66 534 1
66 1315 1
67 806 1
67 805 1
67 1320 1
68 766 1
68 764 1
68 765 1
68 1339 1
69 591 1
69 1254 1
69 1257 1
69 1258 1
69 1255 1
69 555 1
69 529 1
69 1313 1
70 807 1
70 1254 1
70 1258 1
70 1255 1
70 289 1
70 295 1
70 1327 1
71 741 1
71 1050 1
71 1072 1
71 1170 1
71 1171 1
71 1015 1
71 1172 1
71 1173 1
71 1017 1
71 1027 1
71 1267 1
71 1269 1
71 1275 1
71 1258 1
71 739 1
71 740 1
71 1307 1
72 809 1
72 808 1
72 1309 1
73 810 1
73 1028 1
73 1233 1
73 1015 1
73 1234 1
73 1085 1
73 1235 1
73 1259 1
73 1258 1
73 1255 1
73 1254 1
73 759 1
73 1313 1
74 715 1
74 1264 1
74 1269 1
74 1267 1
74 1257 1
74 275 1
74 491 1
74 1340 1
75 781 1
75 1320 1
76 811 1
76 805 1
76 1341 1
77 643 1
77 642 1
77 1322 1
78 428 1
78 354 1
78 1315 1
79 812 1
79 1236 1
79 1237 1
79 1238 1
79 1239 1
79 275 1
79 1342 1
80 802 1
80 1258 1
80 801 1
80 1337 1
81 715 1
81 1264 1
81 1269 1
81 1267 1
81 1257 1
81 491 1
81 1332 1
82 813 1
82 618 1
82 1342 1
83 815 1
83 1203 1
83 1015 1
83 1202 1
83 1108 1
83 814 1
83 1334 1
84 766 1
84 804 1
84 765 1
84 1324 1
85 752 1
85 1255 1
85 1267 1
85 1258 1
85 751 1
85 1328 1
86 817 1
86 816 1
86 1316 1
87 821 1
87 1277 1
87 1284 1
87 1259 1
87 1255 1
87 1264 1
87 1261 1
87 1265 1
87 1258 1
87 1289 1
87 1276 1
87 1254 1
87 1290 1
87 1257 1
87 1267 1
87 818 1
87 614 1
87 734 1
87 819 1
87 820 1
87 494 1
87 690 1
87 593 1
87 646 1
87 1343 1
88 591 1
88 529 1
88 1315 1
89 823 1
89 1015 1
89 1240 1
89 1241 1
89 1242 1
89 1243 1
89 1244 1
89 1245 1
89 1246 1
89 1017 1
89 1247 1
89 1180 1
89 1255 1
89 1258 1
89 822 1
89 1332 1
90 827 1
90 1254 1
90 1264 1
90 1255 1
90 1259 1
90 1291 1
90 1257 1
90 1292 1
90 1293 1
90 1261 1
90 146 1
90 167 1
90 180 1
90 140 1
90 150 1
90 191 1
90 161 1
90 151 1
90 143 1
90 148 1
90 159 1
90 169 1
90 157 1
90 154 1
90 177 1
90 202 1
90 637 1
90 158 1
90 190 1
90 162 1
90 163 1
90 165 1
90 166 1
90 170 1
90 171 1
90 172 1
90 173 1
90 174 1
90 175 1
90 176 1
90 178 1
90 145 1
90 179 1
90 181 1
90 182 1
90 183 1
90 184 1
90 185 1
90 186 1
90 187 1
90 160 1
90 824 1
90 188 1
90 189 1
90 156 1
90 290 1
90 192 1
90 194 1
90 195 1
90 196 1
90 198 1
90 153 1
90 607 1
90 825 1
90 142 1
90 826 1
90 638 1
90 203 1
90 204 1
90 205 1
90 206 1
90 362 1
90 144 1
90 208 1
90 210 1
90 211 1
90 1310 1
91 829 1
91 828 1
91 1337 1
92 829 1
92 828 1
92 1321 1
93 831 1
93 1264 1
93 1294 1
93 830 1
93 1344 1
94 832 1
94 1248 1
94 1181 1
94 1015 1
94 1249 1
94 1250 1
94 1337 1
95 591 1
95 1295 1
95 1267 1
95 1254 1
95 1258 1
95 560 1
95 1317 1
96 833 1
96 1255 1
96 1306 1
97 836 1
97 1254 1
97 1255 1
97 1257 1
97 1258 1
97 1268 1
97 1263 1
97 825 1
97 796 1
97 689 1
97 152 1
97 834 1
97 684 1
97 311 1
97 820 1
97 826 1
97 364 1
97 598 1
97 835 1
97 1320 1
98 837 1
98 1015 1
98 1041 1
98 1144 1
98 1251 1
98 1327 1
99 839 1
99 1254 1
99 1291 1
99 838 1
99 1342 1
100 840 1
100 616 1
100 1337 1
101 591 1
101 1015 1
101 1084 1
101 1252 1
101 1254 1
101 1275 1
101 1267 1
101 1258 1
101 1255 1
101 1257 1
101 542 1
101 538 1
101 529 1
101 556 1
101 560 1
101 1317 1
102 841 1
102 1264 1
102 746 1
102 1330 1
103 842 1
103 758 1
103 753 1
103 617 1
103 1328 1
104 843 1
104 1296 1
104 1259 1
104 1345 1
105 844 1
105 808 1
105 1336 1
106 845 1
106 830 1
106 1338 1
107 867 1
107 1255 1
107 1268 1
107 1258 1
107 1257 1
107 1254 1
107 846 1
107 847 1
107 848 1
107 849 1
107 850 1
107 671 1
107 851 1
107 852 1
107 853 1
107 417 1
107 854 1
107 254 1
107 652 1
107 855 1
107 856 1
107 256 1
107 857 1
107 858 1
107 630 1
107 160 1
107 859 1
107 860 1
107 526 1
107 224 1
107 861 1
107 862 1
107 863 1
107 864 1
107 865 1
107 866 1
107 1314 1
108 869 1
108 1258 1
108 1255 1
108 868 1
108 1305 1
109 871 1
109 1254 1
109 870 1
109 1342 1
110 876 1
110 1277 1
110 1297 1
110 1255 1
110 1260 1
110 1259 1
110 1258 1
110 1264 1
110 1298 1
110 1261 1
110 1299 1
110 1263 1
110 1257 1
110 872 1
110 873 1
110 722 1
110 632 1
110 511 1
110 492 1
110 712 1
110 779 1
110 874 1
110 780 1
110 311 1
110 343 1
110 875 1
110 736 1
110 1340 1
111 829 1
111 828 1
111 1306 1
112 882 1
112 1254 1
112 1255 1
112 1257 1
112 1259 1
112 1300 1
112 1258 1
112 1264 1
112 296 1
112 524 1
112 311 1
112 366 1
112 349 1
112 747 1
112 877 1
112 878 1
112 449 1
112 879 1
112 461 1
112 465 1
112 394 1
112 628 1
112 702 1
112 275 1
112 880 1
112 629 1
112 778 1
112 334 1
112 364 1
112 818 1
112 608 1
112 881 1
112 1346 1
113 883 1
113 1254 1
113 1255 1
113 1259 1
113 1257 1
113 1258 1
113 870 1
113 152 1
113 704 1
113 763 1
113 834 1
113 838 1
113 1342 1
114 817 1
114 816 1
114 1343 1
115 890 1
115 663 1
115 321 1
115 679 1
115 657 1
115 513 1
115 629 1
115 317 1
115 372 1
115 776 1
115 338 1
115 218 1
115 201 1
115 522 1
115 713 1
115 688 1
115 782 1
115 141 1
115 884 1
115 176 1
115 243 1
115 149 1
115 689 1
115 690 1
115 819 1
115 872 1
115 653 1
115 222 1
115 693 1
115 694 1
115 223 1
115 242 1
115 704 1
115 503 1
115 169 1
115 504 1
115 885 1
115 350 1
115 462 1
115 427 1
115 687 1
115 824 1
115 886 1
115 742 1
115 702 1
115 275 1
115 397 1
115 887 1
115 597 1
115 707 1
115 233 1
115 160 1
115 877 1
115 605 1
115 888 1
115 889 1
115 577 1
115 708 1
115 584 1
115 699 1
115 660 1
115 661 1
115 345 1
115 712 1
115 759 1
115 491 1
115 490 1
115 215 1
115 638 1
115 319 1
115 318 1
115 835 1
115 1309 1
116 891 1
116 1326 1
117 829 1
117 828 1
117 1311 1
118 892 1
118 1254 1
118 1258 1
118 1313 1
119 893 1
119 754 1
119 1328 1
120 894 1
120 1254 1
120 1267 1
120 1255 1
120 1269 1
120 1258 1
120 1264 1
120 1270 1
120 1272 1
120 677 1
120 368 1
120 393 1
120 783 1
120 377 1
120 370 1
120 372 1
120 852 1
120 402 1
120 678 1
120 395 1
120 397 1
120 398 1
120 399 1
120 378 1
120 401 1
120 396 1
120 373 1
120 403 1
120 381 1
120 382 1
120 383 1
120 296 1
120 406 1
120 369 1
120 409 1
120 385 1
120 386 1
120 387 1
120 388 1
120 411 1
120 390 1
120 391 1
120 412 1
120 374 1
120 392 1
120 413 1
120 1311 1
121 895 1
121 1279 1
121 1267 1
121 1269 1
121 1274 1
121 1268 1
121 1264 1
121 1258 1
121 1255 1
121 1275 1
121 386 1
121 389 1
121 880 1
121 664 1
121 584 1
121 1340 1
122 896 1
122 1254 1
122 1279 1
122 1257 1
122 1294 1
122 1255 1
122 1258 1
122 1267 1
122 1259 1
122 1264 1
122 799 1
122 873 1
122 879 1
122 594 1
122 655 1
122 680 1
122 579 1
122 814 1
122 755 1
122 760 1
122 1313 1
123 898 1
123 359 1
123 816 1
123 897 1
123 679 1
123 623 1
123 613 1
123 888 1
123 699 1
123 604 1
123 275 1
123 700 1
123 617 1
123 711 1
123 777 1
123 622 1
123 881 1
123 692 1
123 693 1
123 1324 1
124 869 1
124 1255 1
124 868 1
124 1305 1
125 899 1
125 1273 1
125 1267 1
125 1255 1
125 1264 1
125 1269 1
125 1276 1
125 474 1
125 442 1
125 431 1
125 436 1
125 488 1
125 480 1
125 449 1
125 468 1
125 435 1
125 469 1
125 385 1
125 471 1
125 487 1
125 472 1
125 439 1
125 433 1
125 470 1
125 432 1
125 430 1
125 460 1
125 440 1
125 441 1
125 486 1
125 434 1
125 479 1
125 473 1
125 438 1
125 443 1
125 447 1
125 444 1
125 445 1
125 446 1
125 403 1
125 381 1
125 476 1
125 477 1
125 478 1
125 450 1
125 451 1
125 452 1
125 453 1
125 369 1
125 454 1
125 409 1
125 456 1
125 455 1
125 481 1
125 387 1
125 457 1
125 482 1
125 398 1
125 458 1
125 483 1
125 475 1
125 484 1
125 448 1
125 459 1
125 437 1
125 485 1
125 462 1
125 411 1
125 463 1
125 464 1
125 392 1
125 393 1
125 466 1
125 467 1
125 1311 1
126 900 1
126 1264 1
126 1255 1
126 1285 1
126 1254 1
126 1259 1
126 1258 1
126 1257 1
126 1307 1
127 901 1
127 1255 1
127 1268 1
127 1257 1
127 1254 1
127 847 1
127 860 1
127 849 1
127 851 1
127 417 1
127 856 1
127 866 1
127 848 1
127 850 1
127 862 1
127 671 1
127 846 1
127 852 1
127 857 1
127 854 1
127 861 1
127 858 1
127 855 1
127 863 1
127 160 1
127 853 1
127 864 1
127 254 1
127 865 1
127 859 1
127 1347 1
128 829 1
128 828 1
128 1327 1
129 905 1
129 1254 1
129 1255 1
129 356 1
129 785 1
129 199 1
129 902 1
129 275 1
129 465 1
129 173 1
129 358 1
129 595 1
129 341 1
129 207 1
129 290 1
129 885 1
129 366 1
129 636 1
129 889 1
129 160 1
129 903 1
129 518 1
129 424 1
129 360 1
129 627 1
129 296 1
129 696 1
129 153 1
129 711 1
129 904 1
129 826 1
129 204 1
129 667 1
129 416 1
129 700 1
129 780 1
129 364 1
129 209 1
129 1305 1
130 925 1
130 1254 1
130 1257 1
130 1255 1
130 1258 1
130 631 1
130 429 1
130 906 1
130 279 1
130 907 1
130 275 1
130 908 1
130 909 1
130 439 1
130 887 1
130 736 1
130 910 1
130 911 1
130 912 1
130 903 1
130 913 1
130 914 1
130 878 1
130 915 1
130 636 1
130 916 1
130 917 1
130 303 1
130 918 1
130 919 1
130 693 1
130 920 1
130 711 1
130 897 1
130 888 1
130 921 1
130 886 1
130 922 1
130 923 1
130 924 1
130 685 1
130 1348 1
131 926 1
131 1254 1
131 1257 1
131 631 1
131 912 1
131 906 1
131 914 1
131 886 1
131 902 1
131 275 1
131 909 1
131 908 1
131 711 1
131 772 1
131 915 1
131 600 1
131 903 1
131 910 1
131 917 1
131 920 1
131 911 1
131 919 1
131 897 1
131 888 1
131 921 1
131 362 1
131 922 1
131 788 1
131 916 1
131 918 1
131 923 1
131 924 1
131 693 1
131 1348 1
132 928 1
132 1254 1
132 1279 1
132 1258 1
132 1257 1
132 1255 1
132 565 1
132 533 1
132 558 1
132 550 1
132 566 1
132 493 1
132 567 1
132 552 1
132 538 1
132 531 1
132 535 1
132 554 1
132 561 1
132 537 1
132 568 1
132 541 1
132 536 1
132 551 1
132 539 1
132 569 1
132 543 1
132 571 1
132 544 1
132 545 1
132 574 1
132 749 1
132 546 1
132 576 1
132 927 1
132 547 1
132 548 1
132 549 1
132 258 1
132 580 1
132 581 1
132 553 1
132 582 1
132 529 1
132 532 1
132 556 1
132 557 1
132 572 1
132 584 1
132 559 1
132 586 1
132 560 1
132 587 1
132 578 1
132 562 1
132 563 1
132 588 1
132 589 1
132 590 1
132 1315 1
133 929 1
133 1257 1
133 1258 1
133 927 1
133 710 1
133 907 1
133 669 1
133 492 1
133 884 1
133 670 1
133 668 1
133 665 1
133 257 1
133 691 1
133 638 1
133 160 1
133 777 1
133 584 1
133 259 1
133 526 1
133 695 1
133 904 1
133 261 1
133 874 1
133 253 1
133 489 1
133 875 1
133 1320 1
134 930 1
134 1313 1
135 1011 1
135 1261 1
135 1259 1
135 1267 1
135 1255 1
135 1269 1
135 1264 1
135 1257 1
135 1301 1
135 1297 1
135 1277 1
135 1302 1
135 1303 1
135 1304 1
135 1258 1
135 931 1
135 932 1
135 933 1
135 934 1
135 935 1
135 936 1
135 937 1
135 938 1
135 939 1
135 940 1
135 941 1
135 942 1
135 943 1
135 944 1
135 945 1
135 946 1
135 947 1
135 948 1
135 949 1
135 950 1
135 951 1
135 952 1
135 953 1
135 954 1
135 955 1
135 956 1
135 957 1
135 958 1
135 959 1
135 960 1
135 961 1
135 962 1
135 963 1
135 964 1
135 965 1
135 966 1
135 967 1
135 968 1
135 969 1
135 970 1
135 971 1
135 972 1
135 973 1
135 974 1
135 975 1
135 976 1
135 977 1
135 978 1
135 979 1
135 980 1
135 981 1
135 982 1
135 983 1
135 984 1
135 985 1
135 986 1
135 987 1
135 988 1
135 989 1
135 990 1
135 991 1
135 992 1
135 993 1
135 994 1
135 995 1
135 996 1
135 997 1
135 998 1
135 999 1
135 756 1
135 1000 1
135 1001 1
135 1002 1
135 1003 1
135 1004 1
135 1005 1
135 1006 1
135 1007 1
135 1008 1
135 1009 1
135 1010 1
135 1314 1
136 1012 1
136 1261 1
136 1259 1
136 1267 1
136 1255 1
136 1269 1
136 1264 1
136 1257 1
136 1301 1
136 1277 1
136 1297 1
136 1302 1
136 1303 1
136 1258 1
136 1304 1
136 937 1
136 1008 1
136 936 1
136 1005 1
136 945 1
136 944 1
136 984 1
136 943 1
136 939 1
136 932 1
136 985 1
136 962 1
136 948 1
136 950 1
136 940 1
136 946 1
136 947 1
136 935 1
136 942 1
136 951 1
136 952 1
136 954 1
136 955 1
136 956 1
136 957 1
136 934 1
136 958 1
136 959 1
136 960 1
136 961 1
136 931 1
136 963 1
136 964 1
136 965 1
136 966 1
136 967 1
136 933 1
136 968 1
136 969 1
136 970 1
136 971 1
136 972 1
136 973 1
136 974 1
136 975 1
136 988 1
136 976 1
136 977 1
136 978 1
136 979 1
136 981 1
136 982 1
136 980 1
136 983 1
136 941 1
136 913 1
136 986 1
136 987 1
136 989 1
136 990 1
136 991 1
136 992 1
136 993 1
136 994 1
136 995 1
136 996 1
136 997 1
136 998 1
136 999 1
136 756 1
136 1000 1
136 1001 1
136 1002 1
136 1003 1
136 1004 1
136 953 1
136 949 1
136 1006 1
136 1007 1
136 938 1
136 1009 1
136 1010 1
136 1314 1
137 823 1
137 1180 1
137 1253 1
137 1050 1
137 1015 1
137 1268 1
137 822 1
137 1308 1
138 1013 1
138 1337 1
139 1014 1
139 1254 1
139 1255 1
139 1258 1
139 266 1
139 267 1
139 295 1
139 268 1
139 269 1
139 301 1
139 283 1
139 287 1
139 271 1
139 275 1
139 274 1
139 299 1
139 278 1
139 300 1
139 272 1
139 276 1
139 277 1
139 302 1
139 282 1
139 303 1
139 297 1
139 293 1
139 304 1
139 273 1
139 284 1
139 313 1
139 285 1
139 286 1
139 289 1
139 288 1
139 305 1
139 270 1
139 306 1
139 298 1
139 307 1
139 308 1
139 309 1
139 291 1
139 310 1
139 292 1
139 312 1
139 281 1
139 314 1
139 265 1
139 294 1
139 1305 1
