0 1 1 1 1 1 1 1 1 1 1 1 1 1 1 1 1 17 1 183 1 1 1 1 1 1 
1 17 17 17 17 17 17 183 17 201 17 17 17 17 92 17 17 17 17 17 17 17 17 17 17 
2 65 74 74 74 74 74 66 74 74 344 58 74 68 74 74 74 74 74 74 74 74 201 74 74 74 
3 1 1 1 1 1 1 1 1 1 1 1 1 78 1 1 1 1 1 1 1 1 1 1 1 1 1 1 1 1 
4 213 213 69 213 213 213 213 213 213 213 213 213 213 213 213 69 1 
6 1 1 1 169 1 1 1 1 185 1 274 1 66 1 1 1 1 1 
7 60 60 60 60 60 60 60 60 60 60 60 60 60 60 60 60 60 60 60 60 60 60 60 60 181 60 60 60 60 60 60 60 60 
8 389 17 17 17 1 17 17 17 17 17 17 17 17 17 17 17 17 17 
9 1 1 1 1 1 57 1 1 1 1 1 1 1 1 270 1 1 61 1 
11 1 1 1 368 1 1 224 1 1 1 1 1 66 1 1 241 1 1 192 1 
12 17 17 17 17 17 17 17 17 17 17 17 17 17 17 17 17 17 17 17 17 17 17 17 17 
14 1 1 1 1 1 1 1 1 1 1 1 1 56 1 398 190 1 1 1 
15 318 318 318 318 318 337 318 318 185 318 318 168 318 318 162 
16 70 70 70 70 70 70 70 70 70 70 70 70 70 70 70 70 70 70 70 70 70 70 1 61 63 71 
17 1 1 1 1 1 1 1 1 1 1 1 1 1 1 1 1 1 1 1 1 
19 81 81 81 81 81 81 81 81 81 57 81 81 69 
20 1 1 1 1 1 1 61 1 1 1 1 1 1 1 1 1 1 
21 61 61 61 61 61 61 61 61 61 61 61 316 61 61 61 61 61 
22 387 387 387 387 387 387 387 387 387 387 387 
23 1 1 1 1 84 1 1 1 1 1 1 1 1 1 1 1 1 1 316 
24 68 68 68 68 68 304 68 479 68 68 201 70 68 63 479 
25 17 17 17 17 17 17 17 17 17 17 17 150 17 17 368 17 17 17 61 17 17 17 74 
27 368 368 368 368 368 368 368 368 368 56 368 368 368 190 368 368 368 368 
28 1 1 523 1 1 1 1 1 1 61 1 1 1 1 344 201 17 1 1 1 1 1 1 1 
29 1 1 1 1 1 1 1 1 1 1 1 1 10 190 1 1 1 224 1 1 224 1 
30 58 58 58 58 58 150 58 58 58 58 58 368 58 58 58 58 58 58 58 
