0 1 1 1 1 1 1 1 1 1 1 1 1 1 1 1 1 81 1 411 1 1 411 1 1 1 
1 1 17 1 1 1 1 368 1 368 1 1 1 1 92 1 368 1 1 1 1 1 1 1 1 
2 1 1 411 1 1 1 1 1 1 344 1 1 368 74 1 368 1 1 1 1 1 368 1 1 1 
3 1 1 1 1 1 1 1 1 1 1 1 1 81 1 1 1 1 1 1 1 1 1 1 1 1 1 1 1 1 
4 1 204 1 1 1 204 1 1 1 368 1 1 81 1 1 368 1 
6 1 1 1 368 1 1 1 1 60 1 274 1 368 1 1 1 1 1 
7 1 60 1 368 1 1 1 1 1 1 1 1 1 1 1 150 1 1 1 66 1 1 368 60 1 1 1 60 1 411 1 1 60 
8 466 1 1 1 1 1 1 1 1 1 1 1 466 1 1 1 1 1 
9 1 1 1 1 1 411 1 1 1 1 1 1 1 1 270 1 1 60 1 
11 1 1 1 368 1 1 368 1 1 1 1 1 411 1 1 241 1 1 411 1 
12 1 1 1 1 1 1 1 1 1 1 1 1 1 1 1 1 1 1 1 1 1 17 1 1 
14 1 1 1 1 1 1 1 1 1 1 1 1 368 1 524 373 1 1 1 
15 1 1 1 1 368 1 337 1 185 368 368 1 1 337 1 
16 1 1 1 1 1 1 1 1 1 1 1 1 1 1 1 1 1 1 1 1 1 64 1 60 411 411 
17 1 1 1 1 1 1 1 1 1 1 1 1 1 1 1 1 1 1 1 466 
19 1 368 1 1 1 1 368 1 1 1 81 1 64 
20 1 1 1 1 1 1 368 1 1 1 1 1 1 1 1 1 1 
21 1 1 1 1 1 1 1 466 1 466 466 1 1 1 1 1 1 
22 1 1 1 1 1 1 1 1 411 1 1 
23 1 1 1 1 81 1 1 1 1 1 1 1 1 1 1 1 1 1 411 
24 1 1 1 1 1 1 1 411 1 1 368 1 1 411 512 
25 1 1 1 1 1 1 1 1 1 1 1 411 1 1 368 1 1 1 60 17 1 1 411 
27 1 1 1 1 1 368 368 1 1 1 1 1 1 373 368 1 1 1 
28 1 1 479 1 1 1 1 1 1 466 1 1 1 466 344 368 368 1 1 1 1 1 1 1 
29 1 1 1 1 1 1 1 1 1 1 1 1 368 373 1 1 1 224 1 1 368 1 
30 1 1 1 1 1 150 1 1 1 1 1 368 1 1 1 1 1 1 1 
