0 1 224 391 270 1 242 64 545 64 171 64 463 1 64 1 
1 242 545 64 1 242 1 201 64 1 64 64 545 64 224 242 
2 1 320 545 64 74 1 64 64 64 1 1 545 545 64 64 1 391 
3 64 78 64 64 66 545 34 64 64 545 64 64 64 78 242 64 64 64 
4 545 201 391 545 201 391 78 391 1 78 78 1 64 242 
6 439 545 391 545 64 1 1 64 171 
7 66 66 159 60 60 64 64 391 66 159 88 64 159 60 66 88 64 159 66 60 
8 408 1 545 408 530 224 391 1 
9 545 66 64 391 1 64 408 1 1 165 
11 242 530 1 372 64 463 1 13 224 64 241 1 463 64 
12 64 1 64 530 64 1 224 165 1 1 1 
13 78 78 545 64 78 64 64 545 64 64 
14 391 545 391 57 1 524 373 1 64 391 391 66 
15 320 242 545 1 391 391 1 185 
16 391 1 64 1 1 391 64 64 545 64 391 1 242 64 545 64 
17 242 64 391 391 545 222 224 545 64 545 
18 1 545 64 157 1 530 64 545 545 1 1 64 391 
19 78 545 64 391 545 64 78 78 64 391 391 1 
20 14 1 391 391 545 60 1 545 64 64 545 
21 242 545 1 64 391 1 545 60 530 377 229 1 150 545 161 224 
22 1 78 391 545 391 458 545 545 
23 58 1 391 391 545 84 1 1 64 463 545 
24 545 545 545 545 1 64 545 545 545 545 545 
25 530 224 1 1 64 545 64 530 224 64 1 391 60 
27 242 1 391 545 64 391 368 64 545 171 545 391 373 168 391 545 
28 530 377 545 224 229 1 150 545 161 60 224 
29 1 64 391 64 1 391 13 373 373 224 224 224 64 
30 64 1 224 545 64 163 88 1 64 64 64 
