0 1 1 1 17 1 1 1 1 1 1 1 1 1 1 1 
1 368 368 368 368 368 368 368 368 368 368 368 368 368 368 368 
2 368 368 368 368 368 368 368 368 368 368 368 368 368 368 368 368 368 
3 1 1 1 1 1 1 1 1 1 1 1 1 1 78 1 1 1 1 
4 201 201 201 201 201 201 201 201 201 201 201 201 72 1 
6 1 1 1 1 1 1 1 1 1 
7 60 60 60 60 60 60 60 60 60 60 60 60 60 60 60 60 60 60 60 60 
8 372 372 372 372 372 372 372 372 
9 70 70 70 70 70 70 68 70 70 70 
11 368 368 368 368 368 368 368 368 368 368 241 368 368 57 
12 17 17 17 17 17 17 17 17 17 17 17 
13 81 81 81 81 81 81 81 81 81 81 
14 398 401 398 398 398 398 398 398 398 398 398 66 
15 56 17 17 17 17 17 17 185 
16 1 1 1 1 1 1 1 1 1 1 1 1 1 1 197 1 
17 1 1 1 1 1 1 1 1 1 1 
18 157 157 157 157 157 157 157 157 157 157 157 157 157 
19 81 81 81 81 81 57 81 81 69 81 81 81 
20 1 1 1 1 1 61 1 1 1 1 1 
21 466 466 466 466 389 466 466 466 466 466 466 466 466 466 466 466 
22 387 387 387 387 387 387 387 387 
23 58 57 57 57 57 81 57 57 57 316 57 
24 479 479 479 479 479 321 479 479 479 479 479 
25 61 61 61 61 61 61 61 150 61 61 61 61 61 
27 368 368 368 368 368 368 368 368 368 56 368 368 190 368 368 368 
28 61 61 61 61 60 61 61 61 61 61 61 
29 1 1 1 1 1 1 1 190 1 224 1 224 1 
30 60 60 60 60 60 60 60 60 60 60 60 
