0 1 2 1
1 8 248 4
2 1 2 1
3 1 2 1
4 1 192 1
5 1 102 1
8 1 108 1
9 3 43 2
10 2 145 2
11 2 10 2
12 2 7 2
13 2 25 2
14 2 42 2
16 1 2 1
17 2 6 2
18 1 2 1
19 1 2 1
20 1 2 1
21 1 2 1
22 1 3 1
23 1 3 1
24 1 2 1
25 1 35 1
26 1 2 1
27 1 3 1
28 1 3 1
29 1 4 1
30 1 2 1
31 1 2 1
32 1 2 1
33 1 3 1
34 1 2 1
35 1 4 1
36 1 2 1
37 1 3 1
38 1 106 1
39 1 3 1
40 1 2 1
41 1 2 1
42 1 2 1
43 1 2 1
44 1 2 1
45 1 3 1
46 1 2 1
47 2 203 2
48 1 2 1
49 10 415 6
50 1 2 1
51 1 2 1
52 1 7 1
53 1 2 1
54 1 4 1
56 2 36 2
57 2 12 2
58 2 20 2
60 2 6 2
61 2 199 2
63 2 71 2
64 2 212 2
65 2 5 2
66 2 4 2
67 2 204 2
68 2 5 2
69 2 116 2
70 2 58 2
71 2 6 2
72 2 168 2
73 2 204 2
74 2 201 2
76 1 200 1
78 2 17 2
79 2 5 2
80 1 3 1
81 4 91 3
82 1 3 1
83 2 18 2
84 3 209 2
86 4 605 3
87 2 190 2
88 2 214 2
90 2 4 2
91 2 4 2
92 2 203 2
93 2 13 2
94 2 4 2
95 2 4 2
96 2 8 2
97 2 4 2
98 2 4 2
99 2 10 2
100 2 4 2
101 2 237 2
102 2 4 2
103 2 4 2
104 2 7 2
105 2 4 2
106 2 4 2
107 2 4 2
108 2 14 2
109 2 4 2
110 2 16 2
111 2 4 2
112 2 4 2
113 2 10 2
114 2 4 2
115 2 7 2
116 2 4 2
117 2 4 2
118 2 4 2
119 2 4 2
120 2 10 2
121 2 4 2
122 2 4 2
123 2 4 2
124 2 4 2
125 2 5 2
126 2 10 2
127 2 4 2
128 2 5 2
129 2 8 2
130 2 4 2
131 2 5 2
132 2 7 2
133 2 4 2
134 2 4 2
135 2 4 2
136 2 4 2
137 2 4 2
138 2 5 2
139 2 4 2
140 2 4 2
141 2 4 2
142 2 4 2
143 2 4 2
144 2 4 2
145 2 5 2
146 2 4 2
147 2 4 2
148 2 4 2
149 2 4 2
150 2 45 2
151 2 4 2
152 2 4 2
153 2 5 2
154 2 10 2
155 2 4 2
157 3 205 2
158 2 5 2
159 1 2 1
160 1 2 1
161 2 6 2
162 3 251 3
163 2 4 2
164 1 2 1
165 2 11 2
166 1 3 1
167 2 5 2
168 2 199 2
169 4 207 2
171 1 2 1
172 1 7 1
173 1 201 1
174 1 201 1
176 2 201 2
180 2 32 2
181 2 5 2
182 2 203 2
183 3 195 2
184 2 195 2
185 2 203 2
186 1 2 1
187 1 2 1
188 2 5 2
189 1 2 1
190 2 5 2
191 2 4 2
192 2 203 2
194 2 203 2
196 3 9 2
197 2 258 2
199 2 4 2
200 2 4 2
201 3 7 2
202 2 4 2
203 2 5 2
204 3 583 3
205 2 4 2
206 2 4 2
207 2 4 2
208 2 4 2
209 2 4 2
210 2 4 2
211 2 11 2
212 2 7 2
213 3 86 2
214 2 4 2
215 2 4 2
216 2 6 2
217 1 2 1
218 2 4 2
220 1 129 1
221 1 74 1
222 1 30 1
224 2 205 2
225 1 11 1
228 1 71 1
229 2 140 2
232 1 2 1
233 1 2 1
234 1 2 1
235 1 2 1
236 1 3 1
237 1 2 1
238 1 2 1
239 1 2 1
240 2 4 2
241 2 396 2
242 2 4 2
244 2 4 2
245 2 4 2
246 2 4 2
247 3 15 2
248 2 4 2
249 2 4 2
250 2 19 2
251 2 4 2
252 2 5 2
253 2 8 2
254 2 4 2
255 2 4 2
256 2 6 2
257 2 4 2
258 2 4 2
259 2 4 2
260 2 4 2
261 2 4 2
262 2 10 2
263 2 4 2
264 2 8 2
265 2 4 2
266 2 4 2
267 2 4 2
268 2 6 2
269 2 5 2
270 2 9 2
271 2 4 2
272 2 4 2
273 2 4 2
274 3 155 2
275 2 106 2
276 2 5 2
277 2 4 2
278 2 4 2
279 2 9 2
280 2 5 2
281 2 4 2
282 2 4 2
283 2 4 2
284 3 13 2
285 2 4 2
286 2 4 2
287 2 4 2
288 2 4 2
289 2 9 2
290 2 4 2
291 2 4 2
292 2 7 2
293 2 4 2
294 2 4 2
295 2 4 2
296 2 4 2
297 2 4 2
298 2 54 2
299 2 4 2
300 2 4 2
301 2 4 2
302 2 4 2
303 2 4 2
304 2 185 2
305 2 5 2
306 3 207 2
307 2 4 2
308 2 4 2
309 2 8 2
310 2 4 2
311 3 6 2
312 2 4 2
313 2 4 2
314 2 4 2
316 3 403 2
318 2 4 2
320 2 197 2
321 2 203 2
322 2 7 2
324 1 115 1
326 1 201 1
329 2 4 2
332 1 2 1
335 1 8 1
337 2 203 2
341 2 232 2
344 2 402 2
347 2 396 2
349 1 2 1
350 1 2 1
351 1 4 1
352 1 64 1
353 1 2 1
354 1 2 1
355 1 2 1
356 1 2 1
357 1 2 1
358 2 4 2
359 1 136 1
360 1 2 1
363 2 5 2
365 2 401 2
368 4 804 4
371 2 4 2
372 4 9 2
373 3 266 2
374 3 26 3
375 9 24 3
376 9 115 4
377 3 601 3
379 2 400 2
381 1 2 1
387 2 18 2
388 2 7 2
389 2 7 2
390 2 146 2
391 1 2 1
392 1 2 1
393 1 2 1
394 2 4 2
395 2 187 2
396 2 31 2
397 2 203 2
398 2 6 2
399 2 34 2
400 1 2 1
401 4 205 2
403 1 2 1
404 1 5 1
405 1 70 1
406 1 129 1
408 7 14 2
409 5 42 3
410 4 198 2
411 6 429 4
413 4 207 2
414 4 53 4
415 1 200 1
418 2 203 2
419 2 4 2
420 2 402 2
422 2 4 2
423 2 4 2
424 2 4 2
425 2 7 2
426 2 4 2
427 2 7 2
428 2 4 2
429 2 4 2
430 2 293 2
431 2 18 2
432 2 4 2
433 2 7 2
437 1 200 1
439 2 196 2
442 1 200 1
445 2 369 2
453 1 64 1
454 1 88 1
455 1 3 1
456 1 12 1
457 1 2 1
458 1 26 1
460 2 5 2
461 3 205 2
462 2 106 2
463 3 29 3
466 5 581 4
468 1 192 1
469 1 2 1
476 1 68 1
477 1 192 1
478 1 2 1
479 5 199 2
480 1 2 1
483 2 402 2
490 2 4 2
492 2 8 2
493 2 41 2
494 2 361 2
496 2 211 2
497 3 603 3
499 2 281 2
500 2 4 2
501 3 6 2
502 2 19 2
503 3 6 2
504 2 241 2
505 2 64 2
506 2 34 2
507 2 44 2
508 2 44 2
509 2 4 2
510 3 6 2
512 2 9 2
513 2 4 2
514 2 203 2
515 2 5 2
516 2 5 2
520 1 2 1
521 1 12 1
523 2 202 2
524 3 24 2
526 2 402 2
529 1 127 1
530 2 59 2
534 1 2 1
536 1 21 1
537 1 180 1
542 2 5 2
543 2 13 2
544 1 2 1
545 1 3 1
546 1 8 1
547 1 27 1
548 1 2 1
549 1 2 1
550 1 2 1
551 1 2 1
552 1 2 1
553 1 2 1
554 1 2 1
555 1 26 1
556 1 2 1
557 1 74 1
558 2 187 2
559 2 192 2
561 1 201 1
568 2 402 2
576 1 2 1
