0 10820769
1 13374016
2 10524058
3 6233452
4 1745006
5 37310
6 647318
7 29742491
8 10052848
9 16105680
10 1613024
11 8105590
12 5001742
13 1332699
14 10743879
15 917931
16 2101035
17 8001968
18 3115
19 7740897
20 676637
21 5595220
22 4942464
23 1787169
24 567897
25 5821883
26 8061296
27 10927820
28 6733629
29 100893
30 10183
31 3902875
32 19172805
33 15881573
34 4876867
35 985208
36 730123
37 8681801
38 576341
39 920884
40 1703842
41 7063592
42 1163175
43 7154008
44 826111
45 5751682
46 3900799
47 3596412
48 7751204
49 903617
50 7368979
51 10819974
52 8093535
53 1299064
54 8225098
55 2823529
56 11994812
57 235188
58 10199099
59 96040
60 6450081
61 4178417
62 7085343
63 366488
64 5442475
65 980082
66 368416
67 9354727
68 157083
69 14296719
70 23304
71 6164339
72 13629408
73 4725158
74 17380469
75 1080370
76 12077877
77 14819777
78 5793595
79 18443139
80 13314548
81 29735669
82 57982
83 9161438
84 1710912
85 29879298
86 7806468
87 8407317
88 5196885
89 1420062
90 878009
91 2150711
92 16222711
93 13427348
94 103023
95 773853
96 1933824
97 14054293
98 17217495
99 1174042
100 26020263
101 9039012
102 6949944
103 1916485
104 9948422
105 6428910
106 19700528
107 3862518
108 1192573
109 1085697
110 7846227
111 1638682
112 11855343
113 15367484
114 21979
115 16903630
116 8112340
117 34281902
118 16295283
119 2018167
120 23256135
121 30140
122 13524134
123 5577378
124 663840
125 552817
126 83898
127 5836757
128 132174
129 2731103
130 1032976
131 965295
132 8074347
133 36673
134 8273
135 63777
136 21433
137 4579245
138 6310356
139 2404712
140 44787359
141 325667
142 5448247
143 547135
144 1932297
145 340747
146 3098010
147 22189
148 5129265
149 90097
150 1752631
151 5421627
152 6443781
153 26345
154 53832
155 5532951
156 56904867
157 406376
158 11180189
159 2066021
160 354013
161 22294408
162 13736691
163 19829265
164 1261912
165 1573114
166 929377
167 1809
168 27724351
169 682907
170 11162
171 46911902
172 1847584
173 844117
174 26195
175 10203055
176 29268173
177 9637710
178 4198311
179 57425373
180 3251373
181 5244316
182 3381789
183 9587680
184 762626
185 30922556
186 3427324
187 2503903
188 13777628
189 130903
190 24351052
191 4733221
192 3982329
193 19528243
194 23720731
195 41004122
196 6415670
197 62707
198 799078
199 50109
200 585223
201 260642
202 17510957
203 3264292
204 9958621
205 8903888
206 482364
207 1873348
208 15270681
209 53652350
210 1397980
211 67049
212 6565744
213 169601
214 9465626
215 1804568
216 783424
217 1203611
218 8077192
219 44435
220 9477533
221 6720551
222 251467
223 827131
224 42261994
225 1636894
226 41496192
227 14037953
228 26876811
229 240738
230 16816
231 6806035
232 7892868
233 13237661
234 721474
235 1781103
236 14926492
237 1330522
238 4572153
239 4391506
240 1213902
241 236915
242 23700929
243 9075816
244 29233
245 4026
246 3645856
247 3979810
248 51479
249 18265670
250 4277550
251 5144
252 2796466
253 12401925
254 41053310
255 4853075
256 554287
257 47992
258 549258
259 264608
260 30319228
261 169724
262 2461567
263 7781
264 19339970
265 3037127
266 30920
267 24660299
268 47358365
269 9226
270 1286231
271 2197104
272 2289389
273 6180
274 25301026
275 6782068
276 13084946
277 7827389
278 40816837
279 26101651
280 15061112
281 39430596
282 49428979
283 5373595
284 40875627
285 13583768
286 25150124
287 2419214
288 44993420
289 281218
290 408
291 7763122
292 8649848
293 17073333
294 1782074
295 174843
296 1851477
297 1903525
298 26450453
299 1049349
300 569419
301 1315417
302 6041781
303 401263
304 23176618
305 543193
306 3926194
307 136675
308 4618983
309 1432730
310 215270
311 14003771
312 140935
313 823108
314 791152
315 3677119
316 2864259
317 38505
318 1857875
319 606459
320 2503518
321 25559744
322 238885
323 793472
324 1834894
325 13994786
326 425325
327 19265455
328 1778961
329 1513416
330 787439
331 826619
332 17873
333 688990
334 11179123
335 397987
336 271280
337 1528109
338 1015617
339 1163662
340 1720209
341 22183150
342 19275
343 404798
344 5834
345 1609675
346 5988
347 3866531
348 602409
349 7611973
350 3537328
351 1523104
352 134117
353 1939288
354 9917
355 16468693
356 33392138
357 44582639
358 2927957
359 41563853
360 819859
361 8036115
362 16560252
363 6914660
364 2991945
365 89133
366 14183934
367 30088497
368 10442820
369 26862112
370 2039087
371 26538619
372 9039339
373 28776356
374 32200887
375 36974756
376 10558124
377 41812520
378 3972545
379 29791463
380 22241503
381 528345
382 22956341
383 26448043
384 499678
385 13257127
386 13828605
387 7844367
388 59082378
389 4345663
390 1556054
391 30231647
392 6301594
393 11199476
394 29753535
395 6099736
396 5842311
397 53260429
398 814232
399 17824909
400 6598801
401 8217699
402 37863411
403 43866176
404 6099561
405 1127164
406 50932431
407 6465709
408 313494
409 987021
410 2644098
411 22527892
412 726523
413 213723
414 1995534
415 70865
416 28750768
417 10947391
418 8057419
419 11767424
420 645740
421 16017126
422 23150056
423 927026
424 2704139
425 648372
426 433308
427 19506941
428 1390976
429 59920829
430 52399571
431 686194
432 13122293
433 50987400
434 2030617
435 52334444
436 7132626
437 38140305
438 9528307
439 459359
440 9307055
441 2368690
442 8632540
443 2006610
444 118459
445 2173670
446 7035446
447 12774353
448 52762109
449 2747643
450 56071
451 49917779
452 50154848
453 325621
454 976608
455 1346979
456 6251
457 3797675
458 10772926
459 5112284
460 10654028
461 52158677
462 98086
463 58055
464 1302091
465 33133073
466 8827679
467 1445228
468 7149792
469 57640
470 4633028
471 157646
472 6804968
473 6267306
474 246317
475 6106821
476 220916
477 3083270
478 271966
479 119422
480 27962005
481 41906
482 1944671
483 638982
484 32076828
485 5658439
486 3610725
487 823581
488 25396301
489 13387
490 18243819
491 260331
492 18525465
493 34767428
494 5193791
495 43253347
496 3598874
497 4479947
498 1701782
499 6912984
500 409721
501 49735278
502 5708406
503 33819338
504 37657012
505 28523
506 19395458
507 67433617
508 4739316
509 5100735
510 24295410
511 43647096
512 10378541
513 18107181
514 3631320
515 26567884
516 35130894
517 61179420
518 47214749
519 857871
520 3579933
521 3520883
522 1834997
523 589324
524 31427850
525 3383143
526 5441976
527 1189736
528 29110865
529 1544881
530 432333
531 3328185
532 3390333
533 28711504
534 3328185
535 3094973
536 3094973
537 4469767
538 1582369
539 5519155
540 13398326
541 444037
542 62991
543 6655749
544 1463491
545 153481
546 1455208
547 7570704
548 6950331
549 4313439
550 6305260
551 1497123
552 28415731
553 353371
554 7662363
555 10065494
556 62033
557 107161
558 42375159
559 369718
560 10926354
561 29307455
562 7354143
563 478193
564 12488783
565 3344618
566 1986233
567 83456
568 16457
569 8332785
570 7659560
571 2601015
572 1703437
573 9950081
574 458616
575 13455738
576 6594187
577 1418295
578 1944142
579 633182
580 22209787
581 54969501
582 9170701
583 663390
584 291683
585 1514178
586 2538085
587 158777
588 169036
589 23508970
590 545698
591 11280829
592 26970586
593 19497462
594 17607122
595 69286650
596 3083633
597 20453528
598 1757428
599 260393
600 15189889
601 39365220
602 3280472
603 651467
604 29048870
605 12079384
606 795289
607 678569
608 34756611
609 9328564
610 6154722
611 440872
612 440872
613 36765976
614 296737
615 4269898
616 2662304
617 12855623
618 16135423
619 1886299
620 1211823
621 2469783
622 45347303
623 1185309
624 35532160
625 21308477
626 21308477
627 68292751
628 75850488
629 7516223
630 11701267
631 29548
632 19196797
633 26697
634 11458775
635 230185
636 6500863
637 371796
638 4194920
639 4115580
640 13757818
641 1459110
642 7677092
643 13103165
644 7220510
645 52594
646 34258451
647 16891171
648 31331
649 287343
650 13084624
651 6358735
652 6358735
653 12735854
654 5441976
655 13524134
656 18410908
657 54140625
658 3375461
659 6504718
660 6504718
661 12980479
662 12980479
663 7220510
664 44858222
665 11974522
666 44449734
667 37486786
668 4429108
669 46526337
670 1886299
671 41124358
672 47642222
673 271966
674 6818500
675 6818500
676 5064483
677 5064483
678 164562
679 14430883
680 1109246
681 40897030
682 26943133
683 26943133
684 906471
685 7062400
686 224224
687 18753267
688 45159366
689 45159366
690 51071680
691 67950433
692 15113906
693 47098673
694 18114231
695 15130992
696 17339954
697 2698950
698 3369612
699 3369612
700 220916
701 53148729
702 34756611
703 32444001
704 4429108
705 51071680
706 1212008
707 5242135
708 8800056
709 14847153
710 7451408
711 35823838
712 37678
713 12714609
714 7899710
715 7448852
716 18639620
717 22124772
718 1308646
719 20062886
720 1240769
721 325464
722 12669306
723 8018776
724 20831257
725 17195865
726 5739682
727 47734565
728 5315135
729 5315135
730 24707117
731 24707117
732 16655670
733 1633460
734 2784913
735 120051
736 32151384
737 3246492
738 10026873
739 76019
740 2441427
741 5618424
742 5909334
743 41313813
744 14039450
745 507354
746 6932348
747 30265084
748 9468083
749 8125524
750 62230070
751 12387593
752 99757
753 296737
754 18000837
755 5726618
756 76271630
757 708759
758 6267306
759 10240646
760 65116340
761 10723545
762 33544
763 9220407
764 4214069
765 51727785
766 1320667
767 159209
768 2286479
769 3768412
770 41777
771 299999
772 20420539
773 1290234
774 787967
775 1658909
776 161571
777 21182578
778 79550
779 9416498
780 14335541
781 984199
782 8905568
783 4558851
784 152008
785 281218
786 19196797
787 271647
788 61267933
789 25695556
790 52771537
791 199095
792 2451009
793 7362589
794 862300
795 5399281
796 337494
797 194713
798 34388743
799 6129517
800 31221999
801 91576
802 16942003
803 43294513
804 22008543
805 2484686
806 5829393
807 1592418
808 1628250
809 6080632
810 1396877
811 37342
812 1178722
813 1271051
814 5273164
815 174367
816 39414318
817 15327493
818 48155471
819 5604131
820 613331
821 9395168
822 2268675
823 1586173
824 6731714
825 13952475
826 25700982
827 44713028
828 8895721
829 22274335
830 1120739
831 9424192
832 19278582
833 91113
834 1957806
835 1263789
836 9932523
837 5157983
838 4300670
839 905151
840 6185600
841 43409846
842 936320
843 3706010
844 17090999
845 1366896
846 7759548
847 5338482
848 971224
849 11100
850 999552
851 12599300
852 5321105
853 7253893
854 12159026
855 29616
856 44345837
857 1903102
858 6862220
859 5649667
860 3531758
861 2139720
862 578193
863 3081312
864 44607049
865 3103817
866 27371317
867 16943235
868 1319836
869 6697261
870 18339121
871 48816423
872 63288226
873 11321060
874 40538077
