0 20580498
1 41986369
2 34987697
3 6443435
4 48833910
5 46089560
6 113106184
7 110776471
8 49605596
9 48714685
10 150713223
11 206213815
12 170411418
13 149515625
14 37743436
15 113701924
16 58194180
17 189490177
18 171396748
19 175425051
20 175592968
21 7942805
22 97318812
23 140526499
24 140121383
25 47574295
26 99618772
27 100061496
28 265800635
29 288698809
30 139140778
31 120873030
32 65915265
33 207625926
34 146678664
35 211727341
36 159112371
37 132391637
38 264246502
39 314343013
40 128820206
41 187472851
42 88523514
43 84106057
44 115025663
45 63094915
46 114305419
47 126135006
48 60750744
49 223822849
50 188544305
51 224634154
52 117860986
53 197326919
54 77354777
55 262398181
56 152177823
57 202529164
58 235139865
59 172822195
60 98899067
61 125026361
62 113814990
63 314247339
64 145092451
65 188028463
66 221971327
67 145987579
68 157358761
69 316028075
70 196740331
71 215319914
72 211478094
73 169409773
74 170934204
75 255918776
76 142144865
77 267776796
78 158633534
79 198022385
80 294642972
81 200913431
82 295445936
83 225865040
84 194853712
85 306402340
86 41406279
87 239821832
88 315887049
89 92788746
90 83662243
91 335476519
92 323429879
93 287267523
94 283710185
95 283621659
96 171205565
97 243845139
98 165534739
99 83644102
100 291040775
101 279219775
102 198076435
103 226982444
104 279352203
105 277829285
106 285827264
107 189669145
108 135823153
109 92572273
110 250914148
111 295816993
112 268919283
113 185602498
114 56279299
115 334144065
116 140275070
117 287404586
118 298459377
119 343404574
120 186931177
121 321747834
122 345552918
123 109291616
124 135822536
125 141019689
126 313916858
127 123081443
128 297142774
129 263245358
130 155117372
131 102153561
132 295768059
133 195948212
134 307893344
135 177070434
136 253743719
137 176814616
138 280501390
139 153197070
