0 9906612
1 5619153
2 7328625
3 7896438
4 2085324
5 547385
6 5244986
7 798183
8 2823049
9 246103
10 20555082
11 35204726
12 4748775
13 5855339
14 314036
15 10741284
16 50463866
17 70901953
18 354085
19 51121562
20 1819141
21 7377876
22 102392
23 1908898
24 2461173
25 1856425
26 5465775
27 670620
28 1873139
29 358293
30 6501271
31 2334407
32 15384
33 779568
34 22623886
35 5013932
36 465558
37 954989
38 1270718
39 400699
40 450785
41 6260382
42 190997
43 4334983
44 11603778
45 104607
46 1239727
47 651988
48 16843619
49 622300
50 1225294
51 816717
52 10253943
53 10879694
54 3259510
55 141546
56 139208
57 13014163
58 1298565
59 529597
60 1119785
61 5357435
62 670690
63 4433279
64 205631
65 482367
66 470136
67 254251
68 5187962
69 153219
70 10004135
71 533383
72 2663505
73 1665403
74 3696393
75 4331184
76 5676959
77 1092628
78 2679378
79 840125
80 719187
81 192834
82 220839
83 1517646
84 353043
85 30302445
86 1126053
87 5084679
88 724848
89 1131081
90 185566
91 985581
92 45254364
93 43832407
94 1937689
95 79476
96 184983
97 53487
98 152008
99 2470212
100 1313483
101 388462
102 4800201
103 7936929
104 48381040
105 2102036
106 8433587
107 5436950
108 1080370
109 1687946
110 5377970
111 2346725
112 106339
113 245435
114 21979
115 7496278
116 9114492
117 6811830
118 988750
119 2325888
120 1543151
121 1000665
122 111202
123 9676798
124 3187511
125 31996
126 6565744
127 10111
128 8095957
129 6569206
130 68232
131 1879785
132 7011819
133 1128849
134 6287275
135 283442
136 16043470
137 31996
138 12480135
139 22016005
140 19776877
141 176620
142 15008907
143 4665641
144 26779040
145 2018167
146 6111524
147 6128107
148 19638095
149 67130
150 7258858
151 9503662
152 1567423
153 14110316
154 792284
155 5123808
156 7255542
157 23558090
158 3167780
159 1196565
160 616767
161 5509162
162 38327267
163 873584
164 3950390
165 25729467
166 8211181
167 9006227
168 18677
169 9129071
170 1290234
171 2151059
172 1174866
173 24270415
174 560816
175 237229
176 15138480
177 12745899
178 60202305
179 14236753
180 8518239
181 787658
182 23040076
183 46004116
184 349621
185 651018
186 237229
187 47504178
188 25202075
189 4269898
190 500
191 11862328
192 10862289
193 856001
194 57530
195 7192539
196 22364802
197 10199742
198 3000285
199 21180505
200 10055668
201 40835566
202 1219780
203 26900553
204 986087
205 18451010
206 22714474
207 1310570
208 7609173
209 6743100
210 934753
211 10626398
212 17380887
213 5352830
214 43975706
215 12646542
216 352189
217 17814535
218 50891
219 3905501
220 246302
221 7358
222 418747
223 13899619
224 1425636
225 7894478
226 4201088
227 17752474
228 18532924
229 393086
230 24759802
231 9999729
232 5954335
233 146691
234 3698242
235 82342
236 29086
237 1273445
238 1248780
239 50109
240 1323708
241 909674
242 215283
243 608782
244 6407041
245 4890548
246 15367484
247 4660275
248 34265301
249 12944530
250 6358256
251 1382374
252 11352223
253 6764192
254 18143746
255 7316730
256 170270
257 20600565
258 18022260
259 13567128
260 16080436
261 4339453
262 32717
263 1785495
264 1680273
265 5733
266 2124904
267 1330677
268 20820227
269 10386605
270 10386605
271 15808174
272 1358172
273 5816878
274 1930855
275 23191656
276 147051
277 2082134
278 2887472
279 3670378
280 3515448
281 2320840
282 2286277
283 10529867
284 934291
285 7347118
286 382183
287 8827679
288 837421
289 11095731
290 8127757
291 11733014
292 4723115
293 10367662
294 2762374
295 10719017
296 6725192
297 6942160
298 1402212
299 57446
300 860511
301 10736853
302 889949
303 20956124
304 112310
305 3356474
306 3623695
307 2891970
308 10983039
309 1888355
310 553051
311 6335975
312 3672477
313 5083377
314 1775157
315 6689319
316 484656
317 495892
318 23088
319 819256
320 4268710
321 16246887
322 3516932
323 5762822
324 476757
325 946309
326 11337124
327 1575034
328 19394818
329 994109
330 22699926
331 1562839
332 788742
333 649249
334 3057261
335 169110
336 198768
337 147458
338 194417
339 51020
340 3337361
341 1707598
342 35302948
343 44164
344 7774181
345 879967
346 460206
347 5406849
348 15001306
349 15001306
350 10147808
351 3408480
352 14790466
353 10064471
354 6448697
355 8527573
356 899175
357 544954
358 14539
359 9990521
360 544954
361 895678
362 46630064
363 77602
364 16932438
365 5360877
366 124872
367 4397805
368 4995438
369 4336207
370 7844441
371 5435649
372 1353258
373 11919008
374 1812216
375 14815717
376 9843181
377 4165974
378 895678
379 100233
380 1374718
381 4091190
382 1440796
383 5348158
384 997157
385 2857535
386 83390
387 228804
388 3207647
389 129644
390 580667
391 24993347
392 823038
393 2042337
394 609240
395 71236
396 16032204
397 414023
398 4374975
399 297533
400 5381468
401 3044070
402 493656
403 4538351
404 57224
405 56242468
406 402547
407 615334
408 1548104
409 10330406
410 1005638
411 7531092
412 20001233
413 43617894
414 1005638
415 8000987
416 8000987
417 63159
418 1614009
419 16626308
420 1885716
421 29227794
422 47873678
423 5840084
424 516807
425 1555767
426 2263103
427 533861
428 65675
429 408368
430 645637
431 376661
432 12631
433 141300
434 25966
435 557590
436 200528
437 816856
438 1098414
439 1333916
440 373545
441 579
442 39191
443 830952
444 730467
445 4967343
446 1331762
447 19510812
448 4435445
449 19036
450 3054805
451 736001
452 4648169
453 159488
454 105007
455 1499594
456 1683515
457 4490749
458 1232405
459 10776615
460 18487241
461 63596054
462 4560482
463 4180800
464 662916
465 1118942
466 7511482
467 35128
468 11830160
469 331676
470 25612094
471 310709
472 23054141
473 306324
474 474498
475 7005799
476 17137435
477 2910707
478 5882053
479 3442083
480 7758466
481 6028224
482 6758296
483 2923192
484 3536482
485 4527858
486 704580
487 2140882
488 43051
489 6768582
490 1463116
491 5790877
492 5109996
493 508549
494 22699926
495 12528769
496 44484913
497 829526
498 8940086
499 5539617
500 12528769
501 637174
502 794072
503 118459
504 52140259
505 224922
506 887610
507 310393
508 2734
509 325476
510 2863444
511 42988
512 1222865
513 1243537
514 32922
515 8875768
516 6690196
517 921863
518 714
519 1409041
520 4506500
521 475463
522 12799326
523 15062408
524 8796347
525 19236622
526 24998666
527 1050316
528 7485553
529 8536487
530 5107405
531 5794899
532 11457984
533 8209263
534 3822565
535 145334
536 101493
537 13643239
538 8059750
539 227350
540 20011530
541 1664
542 700998
543 26779597
544 7763184
545 662976
546 2287247
547 416575
548 113512
549 5376378
550 795598
551 92535
552 1716173
553 1556054
554 34031846
555 2115626
556 4200835
557 14813660
558 6868531
559 2877920
560 5587659
561 4331004
562 20820960
563 26602940
564 188254
565 5185660
566 3112159
567 1250254
568 719092
569 3112309
570 4273812
571 477431
572 38447
573 511499
574 322533
575 22394314
576 12475110
577 1247578
578 1033444
579 9248427
580 20382
581 2147649
582 135706
583 67049
584 1580956
585 1754002
586 13084624
587 46732192
588 49319725
589 9194247
590 554656
591 17607554
592 5015641
593 2852129
594 7292538
595 1124859
596 7668755
597 1321193
598 7119249
599 3521007
600 9047355
601 9877145
602 2708346
603 14783
604 10713581
605 536415
606 18412448
607 14783
608 8293149
609 120501
610 120501
611 17734314
612 4090256
613 78315004
614 110988
615 1661343
616 1777663
617 2662304
618 1562711
619 24392180
620 103977
621 8542502
622 15828926
623 6676439
624 2147644
625 1212885
626 229881
627 3466817
628 188254
629 1775792
630 218958
631 1798438
632 3822922
633 6759207
634 676126
635 422341
636 6679425
637 5808377
638 422341
639 301546
640 806256
641 5034604
642 25180681
643 5997976
644 81942
645 3842800
646 19733683
647 1384633
648 827205
649 923865
650 10701089
651 13661914
652 16014915
653 987204
654 14309124
655 2458265
656 14945594
657 3504393
658 6135225
659 11810790
660 886344
661 5289251
662 2696077
663 7762949
664 18050714
665 87758
666 11003124
667 7308777
668 2862029
669 6102019
670 1886670
671 7352479
672 182219
673 924
674 1303660
675 1127721
676 1470569
677 401520
678 19714
679 1678567
680 26119052
681 109152
682 729639
683 188220
684 7658037
685 18544717
686 3127317
687 3127317
688 710255
689 710255
690 9569897
691 2346725
692 14522744
693 69324324
694 7049564
695 2441454
696 640792
697 5545640
698 24829397
699 1731633
700 8587189
701 7231205
702 3250749
703 9948149
704 56412611
705 1563902
706 7424737
707 232524
708 7275183
709 4301965
710 10793962
711 7517515
712 52813
713 1330485
714 6415670
715 4898263
716 53705
717 4479947
718 690517
719 290647
720 2888411
721 101445
722 6539737
723 6509492
724 5948390
725 1156489
726 23380470
727 12273134
728 5948390
729 11994719
730 7872259
731 5618407
732 5618407
733 28061164
734 4164048
735 23621655
736 9295277
737 19698023
738 8017698
739 11088808
740 6945922
741 29128685
742 6618166
743 3225366
744 39670256
745 4607709
746 11634240
747 23632352
748 14350049
749 25504564
750 343881
751 5969647
752 6235952
753 11651747
754 10897856
755 16083234
756 8345459
757 18519371
758 13486398
759 9112195
760 9202783
761 7031523
762 12861981
763 43345664
764 6945922
765 17957306
766 24387697
767 3439126
768 16619555
769 18629923
770 46095864
771 18389035
772 6567687
773 50656
774 861236
775 1877644
776 1296472
777 9973
778 5648999
779 3524630
780 2981491
781 7830725
782 2119355
783 24699564
784 3033246
785 366002
786 455023
787 30265053
788 45129887
789 1204933
790 4922778
791 402777
792 105168
793 25765
794 10883125
795 1783325
796 139987
797 1282375
798 458654
799 8523418
800 34281902
801 13239303
802 13130594
803 3928644
804 1137480
805 30140
806 2803726
807 663840
808 1261626
809 1723187
810 4074659
811 82745
812 3542567
813 1205691
814 9700541
815 19553184
816 3486461
817 25068
818 7839700
819 1926849
820 499254
821 1910192
822 1712926
823 5076449
824 1366654
825 1712926
826 11813717
827 37167578
828 4899432
829 37167578
830 6831355
831 2786333
832 6831355
833 398072
834 166
835 1771003
836 25984302
837 12163908
838 9027725
839 8547756
840 8405222
841 9328564
842 1042336
843 24683184
844 22527892
845 3491412
846 6098674
847 10142286
848 1515942
849 20047467
850 5720537
851 42475935
852 10187445
853 1726448
854 3709715
855 6154722
856 1310570
857 14027793
858 8408608
859 13177383
860 1914098
861 5341072
862 7778428
863 7783214
864 6024900
865 1910051
866 2831504
867 32208649
868 2831504
869 1700823
870 15816558
871 519177
872 5702664
873 1006477
874 3972343
875 1228418
876 910753
877 29281816
878 1588144
879 2829538
880 9457283
881 29493513
882 704948
883 371705
884 16361470
885 11699655
886 6329880
887 6266037
888 599268
889 8865084
890 42316180
891 5180488
892 18525563
893 2053544
894 95209
895 1076958
896 5308905
897 6033501
898 2700254
899 5458997
900 1147484
901 9413601
902 830714
903 6444
904 23920
905 11460848
906 20774
907 183501
908 3756718
909 2237452
910 11790789
911 534887
912 578509
913 9936881
914 13958706
915 8391417
916 21032456
917 22957388
918 29076344
919 8100
920 30869512
921 181959
922 15089053
923 31970254
924 8281875
925 43479428
926 7081
927 13760
928 13544213
929 13424069
930 31427850
931 411832
932 31321934
933 1198365
934 21152070
935 416259
936 6532178
937 6213695
938 6213695
939 1772890
940 3994645
941 203261
942 648018
943 1212716
944 175809
945 13459855
946 62759712
947 1473072
948 3976562
949 2857535
950 40906
951 614105
952 539708
953 169601
954 1804568
955 108380
956 22065
957 827131
958 14037953
959 66256957
960 570848
961 28214161
962 7606451
963 25412623
964 3865062
965 5481618
966 211613
967 446367
968 1291325
969 2005323
970 5069736
971 901975
972 3967183
973 5157099
974 18030414
975 7693265
976 7549587
977 556208
978 24974143
979 11657655
980 156867
981 8580525
982 369946
983 5076038
984 3100817
985 4017593
986 4928157
987 743291
988 12752587
989 30265843
990 8598682
991 41373
992 24542698
993 12764007
994 9650342
995 2631784
996 32579298
997 2124448
998 1123412
999 2789383
1000 820464
1001 1148773
1002 387347
1003 1253573
1004 9083795
1005 11231644
1006 4135621
1007 447065
1008 5346303
1009 3075118
1010 2336698
1011 5958241
1012 10799987
1013 1382374
1014 1328733
1015 33820650
1016 12833517
1017 34095
1018 1499744
1019 5250117
1020 8136211
1021 406946
1022 1171187
1023 11591518
1024 2700564
1025 3928834
1026 35171
1027 2503307
1028 1208121
1029 1219418
1030 2895107
1031 9906
1032 616767
1033 1167449
1034 34649403
1035 26669850
1036 2978100
1037 1289856
1038 2626883
1039 11487594
1040 24650346
1041 22279212
1042 32364921
1043 12886177
1044 8557905
1045 4057701
1046 70481
1047 12110769
1048 8686776
1049 11508361
1050 331790
1051 8389542
1052 6523503
1053 10955264
1054 381179
1055 1358883
1056 1329932
1057 52673
1058 9480329
1059 531307
1060 711730
1061 23167668
1062 896278
1063 545677
1064 601816
1065 19313417
1066 13165924
1067 5459304
1068 654649
1069 5111322
1070 16023153
1071 659477
1072 79994
1073 16326959
1074 461491
1075 966205
1076 2005323
1077 22736026
1078 19634224
1079 19634224
1080 1384885
1081 2647016
1082 2781777
1083 284368
1084 248143
1085 5363
1086 109474
1087 546193
1088 4173285
1089 6295292
1090 8596759
1091 36666820
1092 6061721
1093 8077187
1094 10798965
1095 26203802
1096 16217333
1097 8075304
1098 3745956
1099 22779643
1100 15872846
1101 625394
1102 16217333
1103 959887
1104 41237666
1105 27658
1106 33201674
1107 27786
1108 3050060
1109 17380079
1110 393741
1111 8809112
1112 3009227
1113 432333
1114 27889
1115 1716173
1116 1658215
1117 5766837
1118 239754
1119 108725
1120 166301
1121 294690
1122 1355056
1123 35595841
1124 263432
1125 794988
1126 2799560
1127 2231510
1128 8570364
1129 1152104
1130 4447392
1131 608862
1132 12687192
1133 3210177
1134 22436957
1135 3959778
1136 10350518
1137 22436957
1138 6422482
1139 18429659
1140 1121581
1141 8445
1142 30275821
1143 2895538
1144 4358855
1145 11281814
1146 13381361
1147 16943930
1148 118588
1149 9167884
1150 823277
1151 478921
1152 5585491
1153 1282375
1154 16698950
1155 16911935
1156 16509038
1157 23534030
1158 7978161
1159 629072
1160 530140
1161 811839
1162 192142
1163 1794715
1164 15658638
1165 4744
1166 184253
1167 627915
1168 1140359
1169 2463571
1170 896431
1171 434827
1172 4395092
1173 657389
1174 1687345
1175 565
1176 351038
1177 2227731
1178 672172
1179 7725188
1180 601961
1181 4325587
1182 7725188
1183 20458732
1184 7347296
1185 7347296
1186 11607199
1187 15725187
1188 7320657
1189 1961952
1190 601550
1191 1927027
1192 227442
1193 1409041
1194 10441090
1195 6968565
1196 31962564
1197 16737404
1198 11986796
1199 1414837
1200 49262
1201 8511675
1202 16824702
1203 10927929
1204 144114
1205 3376817
1206 4317806
1207 5974205
1208 2232217
1209 1927003
1210 23704769
1211 1440729
1212 21002501
1213 403133
1214 1250095
1215 403133
1216 953399
1217 212238
1218 20644649
1219 2793551
1220 35259
1221 1573114
1222 15906764
1223 10590876
1224 7804830
1225 516045
1226 5582506
1227 7308241
1228 15128793
1229 24658826
1230 9271630
1231 1402048
1232 5615053
1233 29918795
1234 239012
1235 38644266
1236 112334
1237 22216761
1238 946104
1239 222942
1240 29191131
1241 1152146
1242 119296
1243 1335251
1244 890531
1245 11547371
1246 3775781
1247 14859455
1248 45942048
1249 5627503
1250 5310609
1251 61218880
1252 1514155
1253 651384
1254 11577776
1255 5619153
1256 7550961
1257 803666
1258 17143757
1259 1032692
1260 1299322
1261 108670
1262 65916846
1263 433000
1264 153662
1265 29926144
1266 2363295
1267 3758954
1268 2619840
1269 5106647
1270 11964329
1271 3150
1272 17727170
1273 496683
1274 12772306
1275 26551037
1276 8463904
1277 1456829
1278 1083045
1279 1616850
1280 4954947
1281 1580860
1282 7351530
1283 7472151
1284 147991
1285 1690993
1286 7472151
1287 11591525
1288 740995
1289 554656
1290 58669
1291 2179708
1292 2179708
1293 1004261
1294 7475584
1295 199912
1296 874785
1297 294669
1298 308049
1299 773433
1300 95347
1301 121855
1302 797
1303 213448
1304 921217
1305 80306
1306 5588191
1307 5721767
1308 1624387
1309 1332757
1310 1690898
1311 11635347
1312 1219780
1313 13799456
1314 42201
1315 478237
1316 30054
1317 5511786
1318 211613
1319 18461506
1320 38897201
1321 9832387
1322 50558
1323 386088
1324 30700872
1325 48475411
1326 1200974
1327 21957926
1328 1916665
1329 108653
1330 108653
1331 4275885
1332 4275885
1333 4974160
1334 2119212
1335 23411090
1336 2718714
1337 2718714
1338 472083
1339 34058
1340 22958003
1341 397989
1342 989250
1343 26223174
1344 550550
1345 816968
1346 3671070
1347 8531908
1348 20566897
1349 1163916
1350 8531823
1351 1444720
1352 34559231
1353 13330620
1354 7927278
1355 36771401
1356 56217938
1357 37167448
1358 1220272
1359 34493687
1360 6358256
1361 6862817
1362 63214446
1363 35831349
1364 14996813
1365 3320927
1366 12211335
1367 4668341
1368 60897855
1369 19222438
1370 11670606
1371 20384570
1372 14819391
1373 9694230
1374 45082182
1375 3235510
1376 3235510
1377 679017
1378 6781027
1379 225698
1380 134872
1381 72999283
1382 65632
1383 1000669
1384 65632
1385 1932305
1386 3092978
1387 424628
1388 21281457
1389 31675368
1390 7032
1391 790730
1392 700876
1393 3273374
1394 8587189
1395 46207
1396 34942004
1397 1963283
1398 40488132
1399 3893
1400 25264581
1401 6358735
1402 13137996
1403 6358735
1404 30054
1405 53281
1406 31234553
1407 1954845
1408 8181240
1409 30755722
1410 36051834
1411 3758971
1412 202474
1413 7721625
1414 5016373
1415 43406141
1416 24700
1417 247452
1418 12597068
1419 7709608
1420 472311
1421 5001803
1422 5001803
1423 85827
1424 31372
1425 2264498
1426 12361633
1427 14966348
1428 2314891
1429 7121753
1430 168568
1431 4717075
1432 1890549
1433 1103714
1434 494012
1435 246574
1436 8897289
1437 15812620
1438 4660275
1439 424602
1440 77759
1441 57224
1442 116184
1443 1015200
1444 101783
1445 7195553
1446 33820650
1447 32065541
1448 28847087
1449 58871
1450 2514780
1451 50103
1452 911495
1453 790842
1454 459764
1455 65147
1456 1211152
1457 20039091
1458 157609
1459 7499694
1460 17089485
1461 5447088
1462 10536621
1463 14403446
1464 30445102
1465 904839
1466 8298339
1467 5160709
1468 5345489
1469 92793
1470 5886848
1471 1983701
1472 1983701
1473 10602903
1474 28620609
1475 16001446
1476 15094538
1477 3111851
1478 3037552
1479 46304218
1480 3163870
1481 7213207
1482 1389709
1483 522310
1484 3943170
1485 124883
1486 7320657
1487 6147391
1488 13579986
1489 476418
1490 856813
1491 161459
1492 1399574
1493 28620609
1494 56989647
1495 81205
1496 17189275
1497 326577
1498 9047355
1499 4890548
1500 41749659
1501 657617
1502 6932348
1503 859518
1504 12179566
1505 12179566
1506 13899619
1507 1492758
1508 7755816
1509 8513118
1510 1607653
1511 406826
1512 37398988
1513 8191108
1514 7752848
1515 6344099
1516 1499594
1517 10351828
1518 8390471
1519 8390471
1520 10379359
1521 169419
1522 10272840
1523 709247
1524 710630
1525 69631
1526 71047
1527 71047
1528 5520
1529 11862040
1530 20753508
1531 968934
1532 46644555
1533 2566135
1534 13194870
1535 2716997
1536 3716307
1537 19245504
1538 16010828
1539 7443219
1540 892765
1541 2390222
1542 1760209
1543 987734
1544 706487
1545 16578570
1546 888624
1547 1469843
1548 9807153
1549 7395402
1550 637990
1551 1638170
1552 12014789
1553 11987170
1554 37905640
1555 16367382
1556 10008921
1557 877491
1558 5429470
1559 4406639
1560 23656119
1561 8179405
1562 19852297
1563 8871141
1564 26036843
1565 1515942
1566 53057619
1567 33870508
1568 16745498
1569 1485263
1570 6262804
1571 7473960
1572 3717345
1573 73073272
1574 5674678
1575 5674678
1576 1156686
1577 648691
1578 548322
1579 34340819
1580 1757036
1581 5859004
1582 1307603
1583 6844498
1584 14027793
1585 322533
1586 12537
1587 442326
1588 12289754
1589 619979
1590 17707713
1591 616064
1592 26655249
1593 986087
1594 5301099
1595 5301099
1596 360895
1597 175716
1598 229881
1599 7353373
1600 1010174
1601 25720743
1602 5111931
1603 713665
1604 39889
1605 140937
1606 75696
1607 13752566
1608 124126
1609 254488
1610 920170
1611 16825133
1612 5221053
1613 254488
1614 964245
1615 1342004
1616 3702016
1617 2725611
1618 358615
1619 6064830
1620 3083652
1621 6261877
1622 499254
1623 11910731
1624 16886998
1625 54749030
1626 27798583
1627 43102393
1628 1303719
1629 83835
1630 29191
1631 83835
1632 29983823
1633 23037659
1634 286884
1635 1384633
1636 19245504
1637 1835738
1638 238325
1639 1027688
1640 1142704
1641 1656279
1642 1736496
1643 801124
1644 70800
1645 5875315
1646 426238
1647 737920
1648 42271616
1649 27952626
1650 5369819
1651 5369819
1652 833383
1653 47848
1654 1024162
1655 3387
1656 4223
1657 16886998
1658 34226570
1659 45550949
1660 11416492
1661 10890422
1662 11514019
1663 10890422
1664 2430738
1665 1424573
1666 1002300
1667 455023
1668 1102886
1669 698038
1670 476186
1671 1294177
1672 9113740
1673 14985020
1674 10832262
1675 16722377
1676 2398765
1677 36614806
1678 36614806
1679 518564
1680 1718264
1681 7756611
1682 8507585
1683 7424737
1684 56740985
1685 1235674
1686 36725857
1687 14792994
1688 25160833
1689 23380152
1690 67569298
1691 49699333
1692 477100
1693 6074349
1694 22275172
1695 519177
1696 422046
1697 19736629
1698 422046
1699 12273134
1700 6286761
1701 17877264
1702 97253
1703 177309
1704 4958190
1705 1535036
1706 986845
1707 42115061
1708 5842311
1709 8124623
1710 11367
1711 14349
1712 253398
1713 298
1714 1220272
1715 26666267
1716 26666267
1717 51827949
1718 1019875
1719 1019875
1720 14118363
1721 33702537
1722 17380887
1723 168240
1724 2325888
1725 19847480
1726 43675445
1727 3645646
1728 21212
1729 1298609
1730 249515
1731 17856421
1732 42839
1733 14838238
1734 14846754
1735 158007
1736 3532898
1737 2453978
1738 92435
1739 1735355
1740 766193
1741 42819014
1742 44640
1743 522155
1744 8085
1745 666535
1746 20063954
1747 477715
1748 1140359
1749 5196297
1750 10481431
1751 10481431
1752 364469
1753 618615
1754 487665
1755 3287189
1756 8931462
1757 6413976
1758 55761070
1759 69736
1760 65117216
1761 65531
1762 7034627
1763 25079463
1764 15331
1765 38142380
1766 2353785
1767 6892180
1768 11855322
1769 2503307
1770 27491975
1771 7986462
1772 2363295
1773 13317538
1774 67037892
1775 67037892
1776 20633305
1777 20633305
1778 15725187
1779 16096536
1780 33016192
1781 27013154
1782 5151505
1783 6905801
1784 4615920
1785 28219178
1786 11862328
1787 17566503
1788 1023208
1789 40807682
1790 62801906
1791 62801906
1792 14207701
1793 22825297
1794 18491038
1795 18491038
1796 5627503
1797 13528314
1798 3037552
1799 70468694
1800 34933555
1801 19531609
1802 16014915
1803 673121
1804 302469
1805 1976582
1806 513560
1807 658436
1808 56355
1809 98086
1810 252023
1811 10080092
1812 118588
1813 12356028
1814 2165682
1815 8740637
1816 5121786
1817 5835489
1818 548322
1819 11855322
1820 40781986
1821 42307427
1822 4093574
1823 26756710
1824 39209342
1825 25485211
1826 16859033
1827 22254235
1828 22254235
1829 51793825
1830 1221778
1831 13760298
1832 14863779
1833 14218967
1834 10428818
1835 496694
1836 7584833
1837 9468257
1838 24392180
1839 2733591
1840 990485
1841 108380
1842 39808070
1843 3472518
1844 5891092
1845 20468157
1846 20468157
1847 81515853
1848 1150042
1849 34525686
1850 7049564
1851 50943
1852 1428877
1853 394745
1854 1055830
1855 1389585
1856 10659437
1857 15134283
1858 1684053
1859 1469388
1860 2630014
1861 13610195
1862 1177157
1863 1177157
1864 68232
1865 7560860
1866 33053074
1867 498971
1868 5685705
1869 44968
1870 23064371
1871 63404937
1872 831613
1873 3780782
1874 3418051
1875 3299148
1876 38855518
1877 58257
1878 591820
1879 68982
1880 546885
1881 546885
1882 411832
1883 13182
1884 1612141
1885 4348795
1886 8051311
1887 10807323
1888 1327189
1889 2301202
1890 3420252
1891 2934612
1892 6302962
1893 2700564
1894 38777950
1895 59541232
1896 4084170
1897 1321193
1898 35592824
1899 35592824
1900 1612381
1901 1300085
1902 5253157
1903 15166794
1904 15166794
1905 362546
1906 2151154
1907 7436250
1908 7436250
1909 14019297
1910 12823252
1911 10005248
1912 22570685
1913 48590610
1914 5371426
1915 5371426
1916 4317641
1917 4317641
1918 45082182
1919 25057508
1920 4106146
1921 3346407
1922 5762822
1923 12387434
1924 12387434
1925 47393639
1926 25608738
1927 32364921
1928 48173062
1929 48173062
1930 2109913
1931 2607331
1932 12452252
1933 13158104
1934 25083790
1935 23183003
1936 39740855
1937 39740855
1938 23118254
1939 15137975
1940 11416492
1941 175716
1942 50863833
1943 15810074
1944 15810074
1945 8279482
1946 32392709
1947 64115395
1948 3007039
1949 3842201
1950 3842201
1951 18595460
1952 45523307
1953 3865062
1954 20384570
1955 47311816
1956 64912658
1957 44568749
1958 44568749
1959 4588695
1960 23229062
1961 8075304
1962 18531146
1963 24823098
1964 32392709
1965 362546
1966 10602903
1967 1212716
1968 10275209
1969 5606931
1970 1973414
1971 910753
1972 25308790
1973 46096704
1974 29867355
1975 26259225
1976 26036843
1977 18245078
1978 48252911
1979 864945
1980 864945
1981 39986668
1982 39986668
1983 3046006
1984 52118536
1985 9202783
1986 17344588
1987 17345099
1988 19514611
1989 19514611
1990 4609614
1991 4609614
1992 35749426
1993 35749426
1994 4322266
1995 4322266
1996 7485553
1997 20376886
1998 60099698
1999 60099698
2000 2864371
2001 2864371
2002 26203802
2003 3418051
2004 48351493
2005 20471278
2006 61395737
2007 426238
2008 19507897
2009 19507897
2010 23378199
2011 23378199
2012 4393583
2013 3320927
2014 9694230
2015 9754219
2016 5537357
2017 57444593
2018 7977470
2019 1931386
2020 5015641
2021 64217677
2022 4971053
2023 4971053
2024 12452252
2025 34226570
2026 446367
2027 11699655
2028 30320836
2029 10754094
2030 4955081
2031 4955081
2032 642048
2033 14251866
2034 14251866
2035 9687324
2036 9687324
2037 1250095
2038 20442816
2039 45187319
2040 45187319
2041 48620704
2042 48620704
2043 1844662
2044 19371668
2045 18531146
2046 16509038
2047 6872117
2048 6872117
2049 5457307
2050 5457307
2051 19267368
2052 19267368
2053 673121
2054 4024769
2055 4024769
2056 21229080
2057 12861981
2058 37792311
2059 4164048
2060 1264492
2061 46047812
2062 44828725
2063 10459456
2064 48071908
2065 7982046
2066 7982046
2067 33407613
2068 3298078
2069 35793432
2070 37222627
2071 788066
2072 1515662
2073 1515662
2074 42268419
2075 14245407
2076 14245407
2077 18030414
2078 11813717
2079 5009647
2080 8943172
2081 8943172
2082 28853070
2083 43141020
2084 10941901
2085 2487206
2086 42307427
2087 26714580
2088 22736026
2089 1986706
2090 8389542
2091 19967403
2092 19967403
2093 1167449
2094 32545928
2095 32545928
2096 30711558
2097 11584243
2098 48080397
2099 42727075
2100 14073064
2101 43199714
2102 43199714
2103 67361841
2104 58429387
2105 1926849
2106 1763549
2107 6147391
2108 2657758
2109 2657758
2110 12361633
2111 40732676
2112 34830084
2113 39379224
2114 20237839
2115 48080397
2116 70592398
2117 10340083
2118 16253283
2119 35434567
