0 54346799
1 1039520
2 21540759
3 44571718
4 36633370
5 107111421
6 21872392
7 20904437
8 32484381
9 7508411
10 55076063
11 63539055
12 45986162
13 21700699
14 26689598
15 22458259
16 7741856
17 115478820
18 14370955
19 21935031
20 32948863
21 21648001
22 61893399
23 156157055
24 14705691
25 1283503
26 11171548
27 21393871
28 71583602
29 60325062
30 4037197
31 7212645
32 21696302
33 21467110
34 21938243
35 30794868
36 41654081
37 135516270
38 52677592
39 45723377
40 65083316
41 147081519
42 25095239
43 54086969
44 33702544
45 10114077
46 29357796
47 22585805
48 139596105
49 113552697
50 2006876
51 135614069
52 102523304
53 52595226
54 20277829
55 47184304
56 15345331
57 42360601
58 40380094
59 106024057
60 162940724
61 21402627
62 88285322
63 126449219
64 14095175
65 34987697
66 21500692
67 149211688
68 277168957
69 30064588
70 149430917
71 76050275
72 35812923
73 168799526
74 55058317
75 45213667
76 44104712
77 24878875
78 80087836
79 102057483
80 101399935
81 158873969
82 128564293
83 113402414
84 68380413
85 48246447
86 24817507
87 46089560
88 40136600
89 81640848
90 1135454
91 36749153
92 35313712
93 14408715
94 130375797
95 25212911
96 5414488
97 94218531
98 92841276
99 24649388
100 9647856
101 165826654
102 100120455
103 35210243
104 13836499
105 118105436
106 51401194
107 128416044
108 81413897
109 143080897
110 63278843
111 88868842
112 2328181
113 95723115
114 7369087
115 37458410
116 4165675
117 18581578
118 29439879
119 73470551
120 181436799
121 190707613
122 179728393
123 91379993
124 107937815
125 131236938
126 46801369
127 7205740
128 57182702
129 94894966
130 68429735
131 111113343
132 27029984
133 68013171
134 317029148
135 37659549
136 243181735
137 191201679
138 60031662
139 50205233
140 28008600
141 22003158
142 34877308
143 76955905
144 53281911
145 99527575
146 11220178
147 48293060
148 48368290
149 43759462
150 21611548
151 79684696
152 49566965
153 82530909
154 100326126
155 147386085
156 300996055
157 132754148
158 77385607
159 79775156
160 22013111
161 46940449
162 45458578
163 23981144
164 124976393
165 114054873
166 104987608
167 120975327
168 41780199
169 78865098
170 117513852
171 45461779
172 271250363
173 16582463
174 37680686
175 105952367
176 7258685
177 112103066
178 81770291
179 202523140
180 15534164
181 102755229
182 42395733
183 65123395
184 3480666
185 217113590
186 64428695
187 84753809
188 59573221
189 207353401
190 950915
191 134102057
192 103458675
193 44264666
194 65566602
195 7708038
196 68941669
197 37511821
198 85491050
199 7705639
200 88418646
201 105979162
202 1953386
203 18384763
204 131979161
205 5919188
206 65563448
207 62824998
208 37814279
209 208804714
210 29933948
211 183274427
212 193681900
213 133867923
214 5132476
215 186526115
216 46194363
217 102369738
218 115712649
219 22231878
220 72597970
221 58418306
222 145385156
223 78266307
224 96945311
225 118768875
226 3536659
227 72385590
228 34194075
229 135330566
230 91412787
231 1957456
232 210390968
233 36583681
234 20666775
235 306804548
236 83434695
237 92329433
238 41636424
239 40620758
240 74940973
241 1597711
242 21604034
243 196968829
244 93381875
245 124146367
246 55921016
247 127671976
248 74880098
249 149130115
250 101212460
251 96111593
252 50060429
253 8243074
254 40556106
255 101582879
256 35228769
257 59331395
258 4415789
259 190687137
260 259710503
261 242870159
262 69389961
263 141060161
264 43182851
265 94848141
266 160251929
267 4065980
268 22212866
269 175193664
270 291173540
271 5418182
272 123195515
273 54109344
274 160175680
275 188919037
276 15641094
277 18107045
278 18382480
279 10458768
280 163776268
281 49731461
282 176858880
283 58225794
284 188880197
285 122806629
286 220186120
287 129366435
288 79160357
289 249107601
290 38829639
291 161199191
292 21388604
293 39610055
294 40389144
295 161311113
296 37015907
297 8970
298 115492234
299 177023075
300 221654678
301 41801057
302 108086514
303 128195485
304 186166778
305 45341460
306 144026869
307 7455329
308 165542441
309 120773959
310 163154136
311 6860771
312 86106381
313 211240471
314 62237945
315 79715377
316 37347744
317 8472417
318 101887545
319 3251639
320 50022436
321 135380336
322 1093060
323 106473768
324 285701098
325 217333025
326 46445764
327 108992863
328 28573641
329 45555371
330 84139294
331 79187602
332 158181512
333 44929620
334 130979291
335 56208209
336 46462030
337 272883815
338 133463303
339 135230742
340 232901618
341 15333809
342 146555808
343 229264940
344 106151231
345 101214787
346 37728539
347 129008037
348 74903728
349 82000021
350 1461954
351 343980863
352 38646625
353 239201565
354 13526596
355 39848099
356 254441446
357 291438522
358 76279648
359 154288965
360 321873230
361 104375922
362 15176507
363 197372529
364 81120794
365 27782596
366 64579705
367 9992805
368 24107001
369 150166215
370 185401193
371 97640205
372 27716248
373 10309902
374 129712017
375 226155948
376 280339645
377 285951873
378 80648455
379 289169806
380 50352391
381 222240688
382 192268784
383 40586505
384 32271212
385 28895195
386 6427744
387 61829317
388 219699507
389 21458866
390 35560411
391 139172533
392 136846372
393 2950981
394 87561381
395 28928522
396 215734635
397 10263553
398 72643691
399 153881477
400 47003121
401 1427977
402 123426934
403 184157977
404 84366787
405 83201928
406 23147424
407 6349186
408 172415118
409 90606928
410 39911647
411 27842326
412 24716325
413 126528713
414 1133930
415 168210197
416 17836469
417 4160806
418 117342615
419 24031839
420 135544649
421 93721432
422 111368115
423 109454407
424 3672542
425 191286408
426 276473370
427 261366056
428 38454658
429 15080851
430 29118803
431 199068120
432 154396042
433 182032
434 40585820
435 105769029
436 69068565
437 56700174
438 14984329
439 140905052
440 2098270
441 94536097
442 11924282
443 1324028
444 74018561
445 132187950
446 231973037
447 11707440
448 41601945
449 188821801
450 40628325
451 134008334
452 174499987
453 197458822
454 276777288
455 204796113
456 81423389
457 31873712
458 172490285
459 186163475
460 126593926
461 296566912
462 96311842
463 71265967
464 65597500
465 176315637
466 184145321
467 40619595
468 141653699
469 253946675
470 42423429
471 43641860
472 65908245
473 169510341
474 201037432
475 256656222
476 195174222
477 34678084
478 187779340
479 194685842
480 185913809
481 112321712
482 201893041
483 269276721
484 123529349
485 213840480
486 90640689
487 153732715
488 216600055
489 95688116
490 187321884
491 183684990
492 156375242
493 73315878
494 223096759
495 175414492
496 216741794
497 111857933
498 185018536
499 271352849
500 253993655
501 282072618
502 200349615
503 74262590
504 205267377
505 124501318
506 198359573
507 40626330
508 223415751
509 176943358
510 174960145
511 179456579
512 267196339
513 129108774
514 163934856
515 198452127
516 147236836
517 58886472
518 136120015
519 189704872
520 163022594
521 111464159
522 22130396
523 40673376
524 189626307
525 213284348
526 154229754
527 184118469
528 179454267
529 90758278
530 160753639
531 127300962
532 246315151
533 44278472
534 193305441
535 171670880
536 296065614
537 52118826
538 176126044
539 183039041
540 189528174
541 215755363
542 149998322
543 242293865
544 234439998
545 158708581
546 262629246
547 272621068
548 146681848
549 147854090
550 109235031
551 253276985
552 107784770
553 311546800
554 62721395
555 105783161
556 219130662
557 168021673
558 132996624
559 318884929
560 274669518
561 106848789
562 246568850
563 192277573
564 84694457
565 134390585
566 72538265
567 187171628
568 206297369
569 286958121
570 212307771
571 91826437
572 124032563
573 293977463
574 338198120
575 78943626
576 260851687
577 220205115
578 157595045
579 222879856
580 212772118
581 197919174
582 265568858
583 151743871
584 66945539
585 145316221
586 294639093
587 242681286
588 62771220
589 160684935
590 249192342
591 164440658
592 221938568
593 296200985
594 228010958
595 83558992
596 98587574
597 141866468
598 165881615
599 204207575
600 289386067
601 49060223
602 112638718
603 113980802
604 210023062
605 263446185
606 308770580
607 119058648
608 87514476
609 230617555
610 185191179
611 247705885
612 294241255
613 149296498
614 271494453
615 135759723
616 102758327
617 130967529
618 182153318
619 133302112
620 81440036
621 188193039
622 69924695
623 73389061
624 130478018
625 321279673
626 287208372
627 228813391
628 267850871
629 245074037
630 123221756
631 230604149
632 105433771
633 27288417
634 56459843
635 142498069
636 147327025
637 294764248
638 160501006
639 152171668
640 56539777
641 226381075
642 142527842
643 219997655
644 162390350
645 110918858
646 319610652
647 312699625
648 173000420
649 249957291
650 294222251
651 151754793
652 181921460
653 344131957
654 153141640
655 147522485
656 65083400
657 194969219
658 362876718
659 233527797
660 164978118
661 97365482
662 217899449
663 156482125
664 165272322
665 110692728
666 154123978
667 284650433
668 244329150
669 69484150
670 145783046
671 218205780
672 362732347
673 259532334
674 258131922
675 76213766
676 91377081
677 31528657
678 279445953
679 201378974
680 196869818
681 135419255
682 193415766
683 112188449
684 155036680
685 211590588
686 273132652
687 344080070
688 275328195
689 274050817
690 196726390
691 182177189
692 281744066
693 261794973
694 278114830
695 220128363
696 205343774
697 189835024
698 335247254
699 159537382
700 186152068
701 279276239
702 351377405
703 350554533
704 163624529
705 117783955
706 62201686
707 165036764
708 315334729
709 312508248
710 217007066
711 241207867
712 320327796
713 359385571
714 140268082
715 283506352
716 239154676
717 219547266
718 282713915
719 225149094
720 320145567
721 314569517
722 237794725
723 262200277
724 66767716
725 229005292
726 312523983
727 303054228
728 293405955
729 292041226
730 229702666
731 285541336
732 186075868
733 163149155
734 236284402
735 295127081
736 312547577
737 320965849
738 329837474
739 313987059
740 319003805
741 317460044
742 321235879
743 119570063
744 113134856
