0 189
0 766
0 767
0 768
0 769
0 770
0 771
0 772
0 1441
0 1442
0 1443
0 1444
0 183 9 11 10
0 184 10 13 8
0 185 7 6 5
0 186 4 3 4
0 187 4 0 4
0 188 5 3 5
0 1529
1 190
1 1530
2 198
2 1445
2 191 63 23 6
2 192 21 10 20
2 184 6 9 9
2 193 5 3 5
2 194 3 2 3
2 195 2 4 4
2 196 11 6 8
2 197 6 4 3
2 1529
3 238
3 767
3 773
3 774
3 775
3 776
3 777
3 778
3 779
3 780
3 781
3 782
3 783
3 784
3 1446
3 199 6 4 6
3 200 19 10 9
3 201 5 1 5
3 202 8 2 8
3 203 7 2 6
3 204 5 4 4
3 205 9 4 5
3 206 13 3 9
3 207 4 1 4
3 208 266 248 126
3 209 6 1 6
3 210 14 7 7
3 211 11 6 5
3 212 19 3 9
3 213 7 1 7
3 214 4 0 4
3 215 6 2 6
3 216 13 6 12
3 217 4 3 4
3 218 24 6 25
3 219 5 1 4
3 220 9 3 9
3 221 841 515 331
3 222 10 0 4
3 223 4 1 4
3 224 4 1 4
3 225 6 2 5
3 226 5 2 5
3 227 8 3 6
3 228 12 6 9
3 229 5 1 5
3 230 7 1 7
3 231 8 4 7
3 232 147 156 45
3 233 5 0 5
3 234 6 0 5
3 235 44 48 15
3 236 5 0 5
3 237 23 4 24
3 1531
4 242
4 785
4 786
4 767
4 787
4 788
4 789
4 790
4 791
4 768
4 792
4 793
4 794
4 239 8 1 3
4 240 2 1 2
4 232 35 35 2
4 241 4 0 4
4 1531
5 245
5 1447
5 243 1 1 1
5 244 83 22 17
5 1532
6 258
6 767
6 768
6 246 2 0 2
6 247 10 1 2
6 248 2 1 2
6 249 1 1 1
6 250 2 0 2
6 251 2 0 2
6 252 76 74 27
6 253 57 7 30
6 254 2 1 2
6 255 2 1 2
6 256 2 1 2
6 232 49 49 6
6 257 2 0 2
6 1531
7 260
7 775
7 773
7 774
7 778
7 768
7 795
7 767
7 796
7 792
7 794
7 797
7 777
7 798
7 1446
7 1444
7 1441
7 1447
7 232 23 25 8
7 214 35 1 8
7 216 45 0 9
7 233 27 0 5
7 201 15 0 3
7 202 5 3 4
7 204 17 0 3
7 206 23 1 6
7 207 18 0 3
7 208 82 38 27
7 209 26 10 4
7 210 38 7 10
7 211 31 0 5
7 213 31 0 7
7 215 24 3 5
7 217 11 1 3
7 218 75 0 15
7 219 19 3 3
7 220 28 0 5
7 221 1133 6562 325
7 212 80 47 12
7 222 6 0 6
7 223 16 0 3
7 199 8 3 4
7 225 4 0 4
7 226 7 4 7
7 227 28 5 9
7 228 16 0 3
7 229 18 1 5
7 231 7 3 6
7 205 12 0 6
7 203 30 2 13
7 259 3845 3131 730
7 237 51 1 10
7 234 26 1 6
7 235 287 1415 81
7 224 13 1 4
7 236 25 0 5
7 1531
8 268
8 799
8 800
8 801
8 802
8 1448
8 1447
8 261 52 4 1
8 262 4 0 1
8 263 4 0 1
8 264 164 138 4
8 265 5 5 1
8 266 57 75 6
8 267 490 10 6
8 1533
9 272
9 232 25 25 1
9 269 1 1 1
9 270 337 296 15
9 271 2215 1568 156
9 1531
10 339
10 803
10 804
10 805
10 806
10 807
10 808
10 1449
10 1448
10 1447
10 1450
10 1451
10 1452
10 1453
10 1444
10 1454
10 1455
10 1456
10 1445
10 1441
10 1457
10 1458
10 1459
10 1460
10 1461
10 273 9857 912 18
10 274 2616 297 12
10 275 1250 527 8
10 276 99763 53346 382
10 277 10133 8782 22
10 278 5107 1784 25
10 279 54348 40351 32
10 280 8208 5666 52
10 281 167 128 10
10 282 57063 37121 96
10 283 4967 1767 10
10 284 1583507 1230688 2049
10 285 1848 940 6
10 286 5790 679 11
10 287 33888 19220 46
10 288 4470 1424 10
10 289 4565 1095 8
10 290 1120 686 21
10 291 106664 5093 14
10 292 1305 1078 17
10 293 51469 41935 97
10 294 9389 3792 58
10 295 50 39 10
10 296 10658 5937 27
10 297 322 101 34
10 298 35154 29425 37
10 299 5470 1907 14
10 300 121 121 11
10 301 1389 615 8
10 302 12902 7598 42
10 303 63635 57288 28
10 304 11033 10083 49
10 305 5178 1459 23
10 306 492 428 10
10 307 7575 3191 14
10 308 25301 9806 102
10 309 55005 33782 16
10 310 3497 1386 12
10 311 23809 12939 47
10 312 39656 5206 34
10 313 2820 51 15
10 314 9523 7077 7
10 315 37577 4513 17
10 316 6627 2973 29
10 317 5029 1056 17
10 318 472 1066 18
10 319 2151 1281 15
10 320 4559 329 13
10 321 20551 19548 11
10 322 10100 5673 19
10 323 6413 1226 18
10 324 4897 1291 10
10 325 279 277 5
10 326 797 411 16
10 327 3527 357 28
10 328 2170 1067 11
10 329 162 527 6
10 330 12480 8968 91
10 331 3759 3277 21
10 332 3415 2170 28
10 333 409729 362282 1307
10 334 4762 1721 22
10 335 2326 1745 26
10 336 17573 6928 11
10 337 63048 57581 179
10 338 430 274 17
10 1534
11 353
11 767
11 809
11 810
11 811
11 812
11 813
11 814
11 815
11 816
11 768
11 817
11 818
11 819
11 820
11 821
11 184 0 4 2
11 340 1 0 1
11 341 3 1 3
11 249 1 0 1
11 342 1 0 1
11 343 1 0 1
11 344 5 0 2
11 185 1 0 1
11 192 1 0 1
11 196 6 4 4
11 345 102 46 52
11 346 1 0 1
11 347 1 0 1
11 348 12 1 8
11 349 2 1 2
11 232 198 198 4
11 350 2 0 1
11 351 1 1 1
11 352 1 0 1
11 1535
12 358
12 822
12 823
12 824
12 825
12 826
12 827
12 828
12 829
12 830
12 831
12 832
12 833
12 834
12 835
12 836
12 837
12 838
12 767
12 768
12 342 1 0 1
12 343 1 0 1
12 354 1 0 1
12 184 2 2 2
12 355 10 2 9
12 356 1 0 1
12 347 1 1 1
12 357 1 0 1
12 1535
13 360
13 839
13 840
13 841
13 842
13 843
13 359 68 68 2
13 1536
14 361
14 806
14 844
14 845
14 846
14 847
14 848
14 849
14 850
14 808
14 851
14 805
14 852
14 853
14 1448
14 1441
14 1450
14 1447
14 1456
14 1462
14 1444
14 1452
14 1463
14 1457
14 1461
14 1458
14 1445
14 1454
14 1464
14 1465
14 1466
14 1467
14 273 9857 912 18
14 298 35154 29425 37
14 285 8095 4163 17
14 274 2616 297 12
14 264 485 219 24
14 336 17573 6935 12
14 279 54348 40351 32
14 281 203 165 14
14 282 109562 46593 125
14 283 4179 1349 11
14 332 3415 2170 28
14 277 10133 8782 22
14 326 797 411 16
14 289 4904 1308 12
14 276 99763 53346 382
14 296 197203 157206 175
14 278 5107 1784 25
14 291 106664 5093 14
14 292 1305 1078 17
14 293 281990 137435 330
14 294 9389 3792 58
14 295 50 39 10
14 284 3665545 3550592 3966
14 297 322 101 34
14 299 5470 1907 14
14 300 121 121 11
14 303 63433 57273 25
14 306 492 428 10
14 302 12902 7598 42
14 304 11033 10083 49
14 305 5178 1459 23
14 307 7575 3191 14
14 318 472 1066 18
14 309 93079 74891 37
14 310 3497 1386 12
14 311 23809 12939 47
14 312 65114 26222 49
14 313 2820 51 15
14 287 33888 19220 46
14 314 34584 26302 32
14 290 1120 686 21
14 315 56778 4520 19
14 308 25301 9806 102
14 316 6627 2973 29
14 317 5029 1056 17
14 280 8208 5666 52
14 319 2151 1281 15
14 320 4940 620 18
14 321 20551 19548 11
14 301 3079 22825 35
14 322 10100 5673 19
14 286 5811 684 12
14 323 6413 1226 18
14 324 4897 1291 10
14 325 4217 2568 10
14 288 7412 2142 20
14 327 3665 495 29
14 329 8208 9637 29
14 330 12480 8968 91
14 331 3759 3277 21
14 328 39048 25250 103
14 333 409565 362247 1303
14 334 13835 6502 28
14 240 1235 389 13
14 335 2396 1815 27
14 337 63048 57581 179
14 338 430 274 17
14 1537
15 362
15 854
15 855
15 856
15 857
15 1468
15 1538
16 376
16 767
16 794
16 793
16 768
16 858
16 195 0 1 1
16 363 2 1 1
16 364 1 0 1
16 365 1 0 1
16 184 1 4 3
16 366 1 0 1
16 367 6 3 5
16 368 1 0 1
16 352 9 2 5
16 239 1 2 2
16 369 1 0 1
16 370 1 0 1
16 371 2 1 2
16 372 2 1 1
16 354 1 0 1
16 373 1 0 1
16 187 2205 750 731
16 348 6 0 6
16 253 1 0 1
16 374 1 0 1
16 232 70 71 3
16 375 1 0 1
16 200 1 0 1
16 1539
17 378
17 859
17 814
17 860
17 340 1 0 1
17 377 1 1 1
17 367 340 89 59
17 248 1 0 1
17 341 1 0 1
17 194 2 1 2
17 232 7 7 5
17 346 1 0 1
17 1540
18 381
18 768
18 767
18 792
18 861
18 862
18 1447
18 1442
18 379 1 1 1
18 184 2 2 2
18 232 30 30 4
18 380 57 1 2
18 192 1 0 1
18 1540
19 402
19 863
19 799
19 864
19 865
19 866
19 867
19 868
19 869
19 1448
19 1469
19 382 0 1 1
19 383 6 3 2
19 384 174 84 7
19 385 579 38 4
19 386 1072 36 3
19 387 123358 95554 369
19 388 113 1 1
19 389 11 0 1
19 390 1 1 1
19 391 102 0 1
19 392 29 13 3
19 393 32 9 1
19 394 2 2 1
19 395 1957 67 6
19 396 2 0 1
19 397 279 2 3
19 398 14 1 1
19 399 128 18 2
19 400 91 100 4
19 401 1 1 1
19 1541
20 272
20 785
20 270 1436 402 9
20 271 351 349 18
20 1534
21 406
21 870
21 871
21 872
21 873
21 874
21 875
21 876
21 877
21 814
21 878
21 879
21 880
21 1448
21 1470
21 1447
21 1451
21 1464
21 1445
21 1471
21 1458
21 1441
21 384 1 1 1
21 403 2717 941 48
21 404 1597 932 19
21 405 1 1 1
21 1539
22 409
22 862
22 767
22 184 1 1 1
22 407 26 2 3
22 345 1740 357 221
22 364 16 0 2
22 371 17 17 3
22 408 93 41 22
22 1542
23 410
23 799
23 881
23 882
23 883
23 884
23 885
23 886
23 887
23 888
23 1448
23 1462
23 1457
23 1442
23 1447
23 1445
23 252 1 1 1
23 264 1 1 1
23 396 2 0 1
23 1543
24 413
24 1448
24 1447
24 1451
24 1458
24 411 36 42 1
24 412 67 40 6
24 1538
25 414
25 889
25 890
25 891
25 768
25 767
25 892
25 893
25 894
25 895
25 896
25 897
25 1443
25 359 6 6 1
25 407 7305 2277 179
25 1544
26 402
26 898
26 799
26 790
26 785
26 789
26 899
26 900
26 1448
26 1472
26 382 0 1 1
26 396 2 0 1
26 384 1 0 1
26 387 66867 30331 692
26 415 25 0 1
26 389 11 0 1
26 416 243 51 6
26 390 1 1 1
26 417 136 0 1
26 400 2 1 1
26 392 23 17 3
26 418 29 12 1
26 419 4 2 1
26 383 1 1 1
26 420 2 1 1
26 394 152 52 8
26 388 59 0 1
26 421 12 2 1
26 422 1 1 1
26 1541
27 426
27 901
27 902
27 903
27 904
27 905
27 906
27 907
27 768
27 1443
27 423 1 0 1
27 344 1 0 1
27 424 2253 1010 330
27 425 2 1 2
27 355 68 9 40
27 350 1 0 1
27 366 1 0 1
27 352 2 1 2
27 1540
28 498
28 799
28 908
28 909
28 910
28 911
28 912
28 913
28 914
28 915
28 916
28 853
28 1448
28 1472
28 1469
28 1473
28 1474
28 1475
28 1444
28 1442
28 1464
28 1459
28 1476
28 1447
28 1451
28 1445
28 1458
28 1477
28 1478
28 1456
28 1443
28 1479
28 1480
28 1481
28 427 980 1429 10
28 428 4223 2818 34
28 429 925 390 7
28 430 102 1931 13
28 431 14533 14358 216
28 432 1919 1058 13
28 433 36709 33345 115
28 434 3 194 4
28 435 38489 17561 147
28 436 23048 9816 312
28 437 987 318 18
28 438 323 1149 6
28 439 55785 77823 342
28 440 322 12 6
28 441 157 18 9
28 442 913 251 15
28 443 16730 4401 117
28 444 644 1808 41
28 445 1222 1684 18
28 446 18428 2805 93
28 447 123350 118960 58
28 448 5901 3069 68
28 449 6745 1168 116
28 450 14975 2825 87
28 451 5708 6490 36
28 452 28064 22462 256
28 453 2561 1302 53
28 454 685 1020 10
28 455 24563 26769 298
28 456 8142 6065 84
28 457 3562025 5834 295
28 458 17875 16328 178
28 459 731 500 24
28 460 428 144 17
28 461 20746 6054 110
28 251 374 5081 8
28 462 68873 1129771 602
28 463 8696 2563 130
28 464 4742 1811 58
28 465 1223 560 28
28 466 16984 17340 87
28 467 1119 1057 4
28 468 1557 2101 11
28 469 3207 4052 46
28 470 15214 13230 42
28 471 316 174 14
28 472 1590 530 28
28 473 6120 89 13
28 474 8031 3773 138
28 475 14082 1992 196
28 476 15492 15196 270
28 477 16750 55728 151
28 478 429 88 9
28 479 1605 179 47
28 480 18154 10785 170
28 481 891617 915492 355
28 482 4500 2294 22
28 483 728 825 28
28 484 77 3 4
28 485 4812 1941 64
28 486 494 738 4
28 487 565 1016 41
28 488 1913 1500 66
28 489 123 68 13
28 490 6124 1416 40
28 491 9472 4086 245
28 492 2138 9332 84
28 493 5224 2683 82
28 494 2247 2550 47
28 495 2660 2302 39
28 496 61 364 8
28 497 2412 634 29
28 1545
29 500
29 917
29 918
29 919
29 920
29 921
29 922
29 767
29 186 1 2 1
29 499 3343 278 72
29 244 1 0 1
29 1546
30 502
30 232 1 3 2
30 379 1 1 1
30 501 1 1 1
30 345 39 0 8
30 351 2079 1753 33
30 1545
31 506
31 1469
31 1473
31 1474
31 1447
31 1442
31 1459
31 1443
31 1472
31 503 3 4 2
31 504 1296983 1543085 524
31 505 2 2 1
31 422 2 0 1
31 1537
32 508
32 1448
32 412 53 3 2
32 507 697 377 12
32 267 480 284 4
32 1543
33 510
33 923
33 924
33 925
33 372 9 2 2
33 509 2207 569 113
33 371 1 1 1
33 408 1 1 1
33 1547
34 511
34 768
34 767
34 926
34 927
34 928
34 929
34 405 1 0 1
34 363 1 0 1
34 184 3 3 2
34 197 1 0 1
34 1548
35 513
35 1482
35 1447
35 1460
35 1442
35 512 23 3 1
35 250 10750 5949 440
35 1549
36 402
36 930
36 799
36 861
36 931
36 868
36 932
36 1448
36 1447
36 1469
36 1472
36 1483
36 1451
36 1443
36 382 0 2 1
36 384 1 1 1
36 385 105 15 2
36 386 814 128 1
36 387 3128423 1649189 1112
36 415 39 1 2
36 383 1 1 1
36 416 4 53 1
36 390 1 1 1
36 392 4635 1671 25
36 418 3427 1730 8
36 395 1600 0 1
36 420 2 2 1
36 393 44 1 1
36 394 133114 110768 13
36 388 187 2 1
36 421 7806 1 1
36 391 1109 374 7
36 389 130 23 2
36 417 1710 1015 3
36 419 27231 2082 13
36 397 1232 3 1
36 398 8 0 1
36 399 46028 24315 12
36 401 112 123 1
36 1550
37 514
37 1448
37 1447
37 1451
37 1551
38 516
38 933
38 767
38 768
38 792
38 340 462 101 80
38 515 1 1 1
38 1552
39 517
39 934
39 935
39 936
39 937
39 938
39 939
39 940
39 941
39 942
39 1462
39 1441
39 1448
39 1457
39 1447
39 1445
39 1443
39 1463
39 1484
39 261 0 1 1
39 246 36 24 4
39 380 71 0 1
39 1546
40 519
40 943
40 768
40 944
40 945
40 767
40 792
40 423 1 0 1
40 379 6 5 2
40 518 20 10 3
40 425 2 1 2
40 366 585 249 184
40 183 1 0 1
40 1537
41 521
41 767
41 768
41 946
41 947
41 948
41 949
41 950
41 951
41 952
41 953
41 954
41 955
41 956
41 957
41 1441
41 1447
41 520 6 3 2
41 375 3218 1693 351
41 1531
42 522
42 958
42 959
42 799
42 960
42 961
42 1448
42 1441
42 1445
42 1447
42 266 58 60 2
42 256 123046 83409 603
42 267 81 30 7
42 1542
43 523
43 962
43 963
43 964
43 370 380 232 78
43 232 12 12 1
43 1553
44 525
44 965
44 966
44 967
44 968
44 969
44 970
44 799
44 1448
44 1485
44 1457
44 1464
44 384 1 1 1
44 264 1 1 1
44 524 18 17 2
44 255 94 8 1
44 1554
45 526
45 1447
45 1535
46 528
46 971
46 972
46 973
46 974
46 975
46 976
46 977
46 978
46 979
46 980
46 981
46 982
46 881
46 983
46 984
46 985
46 771
46 986
46 987
46 798
46 1443
46 1459
46 1447
46 1444
46 1442
46 527 175541 70015 10800
46 518 3 3 1
46 232 2 2 1
46 1555
47 529
47 988
47 798
47 989
47 990
47 991
47 992
47 993
47 994
47 995
47 767
47 768
47 996
47 997
47 998
47 999
47 1000
47 1001
47 1002
47 1003
47 368 1796 1108 157
47 499 1 0 1
47 1556
48 531
48 1004
48 1005
48 1006
48 1007
48 790
48 1008
48 1009
48 798
48 1010
48 1011
48 1012
48 1013
48 1014
48 1015
48 1016
48 1017
48 1018
48 1019
48 1469
48 1459
48 1486
48 1473
48 1443
48 1442
48 1483
48 1487
48 1475
48 1472
48 1447
48 530 64 47 9
48 505 1 1 1
48 1555
49 544
49 1020
49 1021
49 1022
49 1023
49 1024
49 853
49 1448
49 1482
49 1441
49 1447
49 532 2004993 428 6
49 533 1 0 1
49 534 4 0 1
49 535 749 673 11
49 536 204 25 5
49 537 443 0 1
49 538 3 129 2
49 539 2324 2288 3
49 540 22 22 2
49 541 86 42 10
49 542 4843 5279 30
49 543 6 0 1
49 1557
50 528
50 973
50 974
50 978
50 982
50 1025
50 981
50 984
50 972
50 1026
50 1027
50 1028
50 980
50 1029
50 971
50 1030
50 1031
50 983
50 798
50 985
50 922
50 1447
50 1458
50 1442
50 1488
50 527 46659 18253 3954
50 243 3 3 2
50 1555
51 545
51 1032
51 768
51 822
51 827
51 1033
51 932
51 1034
51 1035
51 377 642 68 40
51 1546
52 547
52 853
52 1472
52 1469
52 1442
52 1473
52 1489
52 1475
52 1443
52 1445
52 1474
52 1480
52 1459
52 1447
52 1464
52 1490
52 1444
52 1479
52 1458
52 443 3070 1215 41
52 430 67633 51619 152
52 431 3856 3610 39
52 432 568 225 8
52 470 1668 1831 36
52 428 3904 680 18
52 439 612 417 19
52 438 345 35 6
52 442 145 38 11
52 472 39534 36727 128
52 473 610 21 5
52 440 475 49 9
52 444 3205 2734 36
52 437 2992 322 14
52 446 485 280 24
52 447 1208 156 11
52 448 113 85 7
52 450 819 182 9
52 441 40 16 6
52 474 115 9 5
52 462 20975 19773 186
52 453 34768 16174 277
52 478 682 77 14
52 449 6768 878 104
52 454 742 782 17
52 455 2098 1323 40
52 475 23378 3108 255
52 469 1524 639 38
52 456 178 557 21
52 433 100716 67314 5
52 476 556 18 7
52 477 180 39 6
52 457 381 433 33
52 451 18813 4243 66
52 445 42841 42339 255
52 479 1467 4563 138
52 459 9518 1113 33
52 466 6783 2004 37
52 471 980 463 26
52 481 112601 120520 618
52 464 2593 1060 53
52 482 1676 843 33
52 494 4170 3926 51
52 429 3172 3165 91
52 427 2057 1441 8
52 483 581 210 17
52 546 838 227 7
52 460 204 42 9
52 461 81 16 7
52 484 879 660 7
52 434 191 19 4
52 458 707137 36106 393
52 480 1077 451 21
52 485 4838 3899 33
52 486 917 1041 23
52 436 28566 22630 241
52 488 7293 3078 126
52 489 18017 12336 160
52 490 453 193 5
52 491 6429 2695 260
52 492 28196 14110 245
52 463 13390 11758 71
52 452 139 84 4
52 493 4620 3418 108
52 465 5786 4675 106
52 435 1582 1449 11
52 495 5100 5037 44
52 496 385 413 13
52 497 2663 1018 18
52 467 349 218 8
52 468 3738 132 11
52 1558
53 549
53 548 8585 219 71
53 1551
54 550
54 799
54 1036
54 1037
54 1038
54 1039
54 1040
54 1041
54 1042
54 1043
54 1044
54 1045
54 1448
54 269 1054 140 26
54 1533
55 552
55 551 19106 16116 33
55 241 2 1 1
55 1547
56 553
56 1046
56 1047
56 1048
56 1049
56 1050
56 1051
56 1052
56 1053
56 1054
56 1055
56 230 656 263 128
56 1549
57 561
57 1030
57 979
57 1056
57 932
57 1057
57 1491
57 554 0 0 1
57 555 1 1 1
57 556 57 44 4
57 557 269 0 1
57 558 3 1 1
57 559 100 150 6
57 560 31086 27498 83
57 1535
58 563
58 1058
58 1059
58 1060
58 1061
58 1062
58 1063
58 1064
58 1065
58 1066
58 1067
58 1068
58 1069
58 1070
58 1071
58 562 520 167 71
58 254 5 2 2
58 1534
59 569
59 1072
59 1073
59 1074
59 1075
59 1076
59 767
59 768
59 564 2 0 1
59 565 4 3 3
59 369 12 1 1
59 566 2 0 1
59 567 2 2 2
59 568 5 0 2
59 515 1236 942 83
59 1535
60 552
60 551 15159 12887 30
60 1541
61 585
61 1077
61 1078
61 799
61 1079
61 1020
61 853
61 1080
61 1081
61 845
61 1082
61 1083
61 1448
61 1445
61 1447
61 1442
61 1443
61 1458
61 570 55 3 1
61 571 884 413 11
61 572 1 1 1
61 573 299966 275274 1216
61 574 12 0 2
61 575 12 9 3
61 576 18 10 7
61 577 125 112 10
61 533 1933 1540 23
61 578 226529 234041 850
61 579 80667 33833 50
61 580 182 84 22
61 581 569 72 6
61 582 89228 22815 143
61 583 1636 1274 4
61 584 19 12 1
61 1559
62 590
62 1084
62 1085
62 1086
62 1087
62 878
62 799
62 1016
62 1013
62 1088
62 1089
62 1090
62 1091
62 1092
62 1093
62 1094
62 1095
62 1096
62 1097
62 1098
62 1099
62 1448
62 1441
62 1450
62 1492
62 1445
62 1457
62 1451
62 1447
62 586 2 2 1
62 587 2749 406 13
62 588 3109 42 1
62 589 36551 5230 55
62 411 5 1 1
62 1560
63 561
63 1100
63 985
63 1101
63 1102
63 1103
63 799
63 1104
63 1105
63 1106
63 1057
63 1441
63 1447
63 1448
63 1443
63 1445
63 1458
63 1457
63 1493
63 591 0 0 1
63 592 108 15 4
63 555 1 0 1
63 593 39 38 3
63 594 11451 1476 82
63 558 3 1 1
63 595 393 16 2
63 559 60 59 3
63 557 377 1 2
63 596 1 9 2
63 597 375 84 19
63 598 21 8 1
63 1539
64 599
64 1107
64 1108
64 1109
64 1110
64 1111
64 1112
64 1113
64 767
64 768
64 1114
64 349 1 0 1
64 265 1 0 1
64 1540
65 600
65 1115
65 1116
65 1117
65 768
65 1118
65 1119
65 865
65 1120
65 1121
65 1122
65 767
65 1123
65 1124
65 1125
65 1126
65 1127
65 1128
65 1129
65 1130
65 1131
65 1445
65 1443
65 1444
65 1447
65 1457
65 1441
65 1442
65 259 1655 966 46
65 373 12 0 2
65 1531
66 604
66 1132
66 799
66 962
66 861
66 1133
66 1134
66 1135
66 1136
66 1137
66 1138
66 1448
66 1441
66 1445
66 1472
66 1447
66 1464
66 1469
66 1443
66 1494
66 1495
66 1496
66 601 7 3 4
66 396 1 1 1
66 564 1 1 1
66 602 114 57 3
66 603 498779 386875 1368
66 1559
67 617
67 1139
67 1140
67 1141
67 799
67 1444
67 1447
67 1458
67 605 6 2 1
67 606 8 36 4
67 607 176 121 2
67 608 230 102 6
67 609 29 4 5
67 262 1 2 1
67 584 54 13 1
67 610 87 29 3
67 611 2 2 1
67 612 18 2 1
67 546 486 0 1
67 613 66863 51477 656
67 614 697 627 5
67 615 7 7 1
67 616 290 8 3
67 1561
68 552
68 551 11451 9171 30
68 1550
69 618
69 1142
69 1143
69 1144
69 1145
69 1032
69 792
69 1146
69 1147
69 767
69 768
69 822
69 834
69 1034
69 1148
69 1562
70 619
70 1149
70 1150
70 1151
70 1152
70 1153
70 1461
70 1442
70 374 2 1 2
70 365 2171 1805 57
70 184 1 1 1
70 1544
71 426
71 424 4941 3294 89
71 1563
72 621
72 1154
72 1155
72 800
72 801
72 1497
72 620 2 2 1
72 263 134 92 30
72 1538
73 623
73 1445
73 622 8 16 1
73 489 24059 151 15
73 430 103 76 2
73 1538
74 624
74 1156
74 799
74 1157
74 1458
74 275 338 139 37
74 1560
75 550
75 1158
75 883
75 1159
75 1160
75 1161
75 1162
75 1163
75 1164
75 269 686 39 11
75 1548
76 626
76 1154
76 1165
76 1166
76 1167
76 1168
76 822
76 1169
76 1170
76 1497
76 1448
76 1443
76 1447
76 1498
76 625 143 13 8
76 1564
77 627
77 1448
77 1565
78 629
78 1448
78 1445
78 1447
78 628 5 1 2
78 1555
79 630
79 1171
79 1172
79 1444
79 1445
79 1539
80 500
80 1173
80 1174
80 1175
80 1176
80 1177
80 1178
80 1179
80 1180
80 499 186 119 48
80 1566
81 631
81 1181
81 1182
81 790
81 789
81 1183
81 1184
81 1185
81 1186
81 1187
81 1188
81 1189
81 1190
81 977
81 1191
81 1006
81 1192
81 1193
81 1194
81 1195
81 1196
81 1469
81 1472
81 1487
81 1442
81 1443
81 1483
81 1447
81 1461
81 1499
81 1500
81 1448
81 1482
81 1454
81 1453
81 1486
81 1444
81 530 1549 1552 1
81 1555
82 632
82 1454
82 1567
83 547
83 1197
83 901
83 1198
83 945
83 1448
83 1467
83 1458
83 1447
83 1445
83 1441
83 1501
83 188 1 1 1
83 1542
84 633
84 1448
84 1547
85 634
85 1531
86 635
86 1482
86 1442
86 1447
86 1458
86 193 2 2 1
86 1529
87 642
87 1448
87 1444
87 636 39519 31842 49
87 637 54499 6352 119
87 570 8905 3342 126
87 638 1228 236 10
87 639 6718 3002 29
87 640 8 4 2
87 641 15591 10753 228
87 1567
88 561
88 1199
88 1101
88 1200
88 1201
88 985
88 1202
88 1203
88 1204
88 1102
88 1057
88 1448
88 1447
88 1441
88 1444
88 1458
88 591 0 0 1
88 596 1 9 1
88 643 254 222 13
88 592 37 14 4
88 644 1 1 1
88 558 3 1 1
88 593 5 42 1
88 645 359 174 2
88 594 24099 21279 19
88 559 70 68 3
88 597 903 548 44
88 555 6 6 2
88 646 646 175 2
88 1552
89 647
89 1205
89 1206
89 1207
89 1208
89 1142
89 1209
89 1210
89 1211
89 768
89 767
89 792
89 1212
89 1213
89 1214
89 1034
89 1489
89 232 14 15 3
89 501 1 1 1
89 520 14355 11286 252
89 1547
90 648
90 548 177 1 3
90 1559
91 561
91 1215
91 1022
91 1216
91 1217
91 1218
91 1219
91 1448
91 1482
91 1447
91 591 0 0 1
91 649 202 0 2
91 558 5 3 2
91 555 2 2 2
91 559 28 28 1
91 572 4 0 1
91 1545
92 650
92 1448
92 1447
92 560 955 123 14
92 1567
93 585
93 1441
93 1447
93 651 1 4 2
93 555 2 2 1
93 652 3 3 1
93 578 34644 27836 36
93 577 7 20 1
93 574 4831 5347 3
93 576 195059 159110 363
93 1559
94 653
94 1048
94 1220
94 1221
94 793
94 1222
94 1223
94 962
94 1224
94 1225
94 1226
94 1227
94 1228
94 1229
94 1230
94 1231
94 1232
94 1233
94 1234
94 853
94 1562
95 654
95 1235
95 1236
95 1237
95 1238
95 1469
95 1474
95 1475
95 1459
95 1442
95 1447
95 1443
95 1472
95 503 29 16 12
95 1559
96 561
96 1239
96 861
96 799
96 932
96 1240
96 1241
96 1242
96 1243
96 1081
96 1057
96 1244
96 1443
96 1448
96 554 0 0 1
96 555 2 2 2
96 655 4 2 2
96 575 6 6 1
96 558 2 2 1
96 559 166 214 6
96 646 328 22 4
96 656 101 87 9
96 1539
97 664
97 1106
97 657 1 1 1
97 658 1 0 1
97 659 3 2 1
97 660 448 120 11
97 661 1 0 1
97 662 10 3 2
97 663 1 1 1
97 1547
98 561
98 1245
98 1246
98 1247
98 1248
98 1249
98 1250
98 799
98 1057
98 1448
98 1464
98 1447
98 1443
98 591 0 0 1
98 558 3 1 1
98 559 125 177 5
98 656 75 39 4
98 1568
99 665
99 1550
100 667
100 1251
100 1252
100 799
100 962
100 1253
100 934
100 1441
100 1448
100 1462
100 1447
100 1484
100 1470
100 1445
100 1457
100 666 2716050 1190979 271
100 652 335 156 4
100 1563
101 668
101 1445
101 1444
101 622 391 85 74
101 467 15 5 3
101 1548
102 669
102 1448
102 1472
102 1447
102 1469
102 1451
102 1445
102 1443
102 1492
102 1460
102 1442
102 247 27015 5753 178
102 586 41 27 1
102 1569
103 670
103 1254
103 1570
104 671
104 1448
104 1445
104 1441
104 1443
104 1444
104 1457
104 1447
104 1442
104 1450
104 1502
104 628 69310 11921 484
104 1546
105 672
105 985
105 1255
105 1256
105 1101
105 799
105 1448
105 1544
106 674
106 1497
106 1448
106 620 215 20 8
106 673 1 1 1
106 1565
107 678
107 1257
107 799
107 1448
107 1472
107 1474
107 1469
107 1442
107 1447
107 675 271 216 4
107 673 1 1 1
107 676 6974 7756 183
107 677 30250 30166 174
107 1562
108 590
108 1258
108 908
108 1085
108 1259
108 1260
108 1091
108 1095
108 1261
108 1448
108 1441
108 1447
108 1457
108 1458
108 1445
108 587 3929 837 16
108 589 127941 87288 141
108 588 69229 25477 11
108 1544
109 585
109 861
109 1081
109 1262
109 1263
109 1080
109 1448
109 1447
109 577 9 9 1
109 582 171 129 7
109 578 3438 7894 24
109 679 233 0 1
109 579 161 66 14
109 573 1653 984 62
109 571 104 13 11
109 1565
110 681
110 862
110 1264
110 767
110 768
110 1265
110 1266
110 925
110 1267
110 1268
110 1269
110 1270
110 1271
110 1272
110 1469
110 1443
110 1486
110 1460
110 680 6035 1238 285
110 1540
111 561
111 1273
111 1274
111 1275
111 1276
111 1277
111 1057
111 1493
111 1491
111 1447
111 1459
111 554 0 0 1
111 556 296 82 6
111 558 3 1 1
111 682 201 0 1
111 559 11 11 2
111 1535
112 694
112 1445
112 1447
112 1458
112 1443
112 683 160 15 5
112 684 203 0 1
112 685 3825 654 27
112 686 18 11 7
112 687 21995 12979 7
112 688 9713 72 6
112 689 9935 9912 1
112 690 7231 2963 43
112 691 12930 6631 20
112 692 19 3 6
112 693 157 161 10
112 1542
113 700
113 1278
113 1106
113 1279
113 1105
113 1280
113 1441
113 1443
113 1447
113 662 12 12 1
113 695 371 49 4
113 696 6 6 1
113 697 19 0 1
113 698 89 36 3
113 660 12164 2144 154
113 699 117 40 3
113 1565
114 701
114 799
114 1281
114 870
114 1282
114 1283
114 1284
114 1285
114 1286
114 1287
114 1288
114 1289
114 1448
114 1441
114 1445
114 1457
114 1447
114 1458
114 403 163271 120134 982
114 404 93732 54375 717
114 1549
115 544
115 853
115 1023
115 1021
115 1022
115 1024
115 799
115 1448
115 1477
115 1447
115 535 8037 2698 33
115 536 8 8 1
115 534 285 39 4
115 538 1 1 1
115 539 87 86 7
115 540 12 12 1
115 541 32 1 3
115 532 6 144 1
115 543 44 9 2
115 542 17408 9282 62
115 1529
116 561
116 1290
116 1291
116 1292
116 1293
116 801
116 1294
116 853
116 1448
116 1447
116 1457
116 1470
116 1460
116 1458
116 1503
116 1451
116 1441
116 591 0 0 8
116 583 45350 10916 399
116 555 1 1 1
116 1571
117 702
117 1295
117 1075
117 1296
117 1297
117 1249
117 1298
117 1299
117 1300
117 1301
117 1302
117 1448
117 1447
117 1467
117 1445
117 1459
117 1458
117 1471
117 384 3 3 1
117 566 106 109 1
117 567 3 3 1
117 565 231478 170449 1703
117 568 1 1 1
117 1535
118 705
118 1156
118 1303
118 1304
118 1305
118 1447
118 1441
118 1458
118 703 23 6 5
118 704 205 0 1
118 1566
119 708
119 1103
119 1306
119 1307
119 1308
119 1309
119 922
119 1310
119 706 2384 20 1
119 662 7 10 1
119 707 113 0 1
119 1536
120 710
120 1448
120 1445
120 1441
120 1457
120 709 15890 8816 54
120 1543
121 711
121 1556
122 694
122 1311
122 980
122 1104
122 1447
122 1458
122 684 204 2 2
122 512 278 4 1
122 687 91797 90868 41
122 504 66 44 1
122 690 10686 29158 92
122 683 481 76 18
122 685 2434 681 50
122 686 15 46 12
122 689 11 11 9
122 494 460 92 6
122 691 539 314 12
122 692 178 631 29
122 693 20 20 4
122 1542
123 550
123 799
123 1312
123 1313
123 908
123 1314
123 1315
123 1316
123 1448
123 1447
123 269 4933 2055 70
123 1551
124 561
124 861
124 1215
124 1080
124 1216
124 985
124 1317
124 1318
124 1241
124 1306
124 1319
124 1448
124 1441
124 1482
124 1447
124 1445
124 1458
124 1457
124 591 0 0 1
124 558 5 3 2
124 592 97 9 3
124 572 6 2 3
124 712 13 13 3
124 594 25462 443 22
124 1559
125 561
125 1448
125 1447
125 649 202 0 1
125 1533
126 710
126 1441
126 1445
126 1457
126 1447
126 709 221 13 5
126 1546
127 714
127 1320
127 1448
127 1445
127 1460
127 1447
127 684 6 4 4
127 713 961 520 4
127 688 723 127 22
127 706 200 31 3
127 584 2719 1330 78
127 1543
128 510
128 1321
128 1322
128 1323
128 1324
128 862
128 1325
128 509 367 77 12
128 1563
129 715
129 768
129 1326
129 963
129 1327
129 1328
129 1329
129 1330
129 1331
129 767
129 1332
129 853
129 1333
129 1334
129 1335
129 1336
129 1337
129 1338
129 1339
129 184 2 2 1
129 1563
130 561
130 1340
130 985
130 1199
130 1341
130 1102
130 1342
130 1101
130 1057
130 1447
130 596 1 10 1
130 643 3 2 1
130 592 403 239 6
130 593 6434 4552 65
130 558 3 1 1
130 594 268 169 6
130 559 60 59 3
130 597 281 59 27
130 646 462 83 2
130 1542
131 544
131 1482
131 1469
131 1447
131 1472
131 1442
131 1475
131 1458
131 537 4 0 1
131 541 1 1 1
131 598 1129 517 5
131 1570
132 716
132 1443
132 1469
132 1446
132 1448
132 1447
132 1504
132 580 291052 7 8
132 1566
133 561
133 1078
133 1104
133 799
133 1101
133 985
133 1102
133 1103
133 1057
133 1447
133 1458
133 591 0 0 1
133 593 0 37 1
133 558 3 1 1
133 597 315 89 31
133 592 37 0 1
133 596 1 9 1
133 594 5345 1422 79
133 559 93 10 4
133 646 279 0 1
133 557 285 1 1
133 1536
134 561
134 1343
134 1344
134 1345
134 1346
134 1347
134 1348
134 1443
134 1448
134 1464
134 1447
134 649 203 0 1
134 1530
135 561
135 1448
135 596 202 0 1
135 1542
136 642
136 1448
136 1445
136 1441
136 640 3464 1005 35
136 637 71 31 4
136 570 64990 55244 326
136 636 11014 4977 10
136 625 44 44 2
136 638 7260 4069 32
136 639 3308 1971 16
136 717 50 38 1
136 641 2415 1288 36
136 1533
137 718
137 356 1133 132 49
137 1571
138 721
138 1443
138 1469
138 719 7 5 1
138 720 65 0 1
138 1549
139 722
139 352 347 167 21
139 1531
140 723
140 1349
140 1350
140 1351
140 1352
140 1457
140 1454
140 1445
140 1441
140 1505
140 1447
140 1486
140 1458
140 257 58 22 8
140 1543
141 724
141 1353
141 1354
141 1355
141 1356
141 1357
141 1448
141 1443
141 1447
141 1445
141 1451
141 1456
141 191 1 1 1
141 507 235136 215556 460
141 1560
142 561
142 1103
142 799
142 1101
142 1342
142 1104
142 1102
142 1358
142 1057
142 985
142 1447
142 591 0 0 1
142 593 486 271 10
142 559 265 76 4
142 592 164 61 7
142 558 6 0 1
142 645 1731 534 2
142 594 5 21 4
142 725 21 0 1
142 597 406 104 35
142 557 201 1 1
142 726 165 1462 6
142 727 2 3 1
142 1542
143 664
143 1106
143 1359
143 1360
143 1361
143 1362
143 1363
143 1105
143 1278
143 1364
143 1482
143 1454
143 1447
143 1441
143 663 34 34 3
143 728 460 576 2
143 729 18840 11746 91
143 730 3 1 1
143 731 7026 2799 45
143 732 5 1 1
143 661 23 0 2
143 733 18 0 2
143 734 346 96 20
143 735 144 7 2
143 736 169 53 3
143 657 60 76 3
143 737 238 290 2
143 738 14329 9319 86
143 739 9 3 1
143 659 2423 1894 14
143 698 2935 2931 40
143 658 11762 5898 6
143 662 72 85 13
143 740 287 77 22
143 1535
144 705
144 1448
144 1441
144 1443
144 1458
144 1457
144 1445
144 1447
144 707 1 1 1
144 704 205 0 1
144 741 14 15 1
144 662 20 25 1
144 703 9 11 2
144 742 3601 3649 26
144 1564
145 561
145 974
145 1030
145 880
145 874
145 1365
145 1273
145 1057
145 649 0 0 1
145 591 0 0 1
145 559 107 160 5
145 556 297 205 13
145 558 3 1 1
145 1546
146 743
146 1448
146 1506
146 1507
146 1490
146 1447
146 1443
146 1491
146 1458
146 1498
146 1470
146 1451
146 1444
146 603 229733 398759 191
146 602 117 38 15
146 1535
147 705
147 1448
147 1441
147 1482
147 1453
147 1443
147 1446
147 1458
147 1508
147 1447
147 744 56 99 2
147 719 11631 285 25
147 720 12864 4042 124
147 1549
148 528
148 1366
148 973
148 1367
148 974
148 880
148 1368
148 982
148 1025
148 1369
148 798
148 1370
148 978
148 980
148 1371
148 1026
148 986
148 1372
148 1459
148 1447
148 1442
148 1443
148 1458
148 1492
148 527 54210 42179 3043
148 1555
149 705
149 1303
149 1373
149 1448
149 1458
149 1447
149 713 294 76 7
149 741 3618 2268 44
149 742 30 2 2
149 1561
150 664
150 1106
150 1359
150 1374
150 1375
150 1360
150 1361
150 1362
150 1363
150 1105
150 1278
150 1482
150 1441
150 1447
150 1448
150 1443
150 1446
150 1458
150 1456
150 1444
150 1442
150 1461
150 698 2 3 1
150 733 1 1 1
150 737 181 187 4
150 736 19 13 4
150 738 8329 7123 89
150 730 8608 4829 27
150 735 17 0 3
150 728 350 196 3
150 739 75 5 1
150 729 2249 2282 1
150 732 25 15 1
150 731 205 35 6
150 661 37 2 1
150 699 2 2 1
150 594 25 5 1
150 725 7 7 2
150 659 22767 13189 118
150 696 104 23 2
150 717 2 2 1
150 695 71 4 1
150 734 275 128 12
150 662 184 58 5
150 740 25076 14686 114
150 663 124 355 1
150 1548
151 561
151 1376
151 1080
151 1377
151 1378
151 1379
151 1057
151 1244
151 1441
151 1448
151 1457
151 1445
151 1504
151 1458
151 554 0 0 1
151 656 703 370 3
151 558 2 2 1
151 655 4 2 2
151 557 409 0 1
151 649 339 139 7
151 555 13 13 2
151 745 5547 1632 22
151 559 13 13 3
151 572 5 1 2
151 727 93 16 1
151 1568
152 617
152 1444
152 1447
152 584 11841 6293 118
152 606 2 2 1
152 608 461 1 2
152 607 117 235 2
152 615 4 4 2
152 609 12 5 5
152 613 14224 8371 87
152 614 1791 1178 5
152 686 6 6 2
152 616 560 4 3
152 611 2 2 1
152 612 7 2 1
152 605 21 8 8
152 610 444 33 7
152 693 25 24 1
152 1532
153 746
153 457 5 5 2
153 487 70 6 4
153 581 1 1 1
153 1555
154 747
154 1380
154 1381
154 799
154 801
154 1382
154 1383
154 806
154 805
154 1384
154 1448
154 1445
154 1509
154 1447
154 1568
155 748
155 1385
155 1386
155 1387
155 853
155 1388
155 1472
155 1443
155 1491
155 1448
155 1469
155 1445
155 1441
155 1453
155 1459
155 1456
155 1510
155 1482
155 1444
155 1460
155 1461
155 1511
155 1447
155 1512
155 1513
155 1514
155 1515
155 1516
155 1457
155 1462
155 1517
155 1518
155 1451
155 1519
155 1446
155 1520
155 1521
155 1541
156 749
156 1389
156 1390
156 1391
156 1538
157 750
157 551 4431 1989 8
157 1531
158 752
158 1448
158 1445
158 1492
158 1447
158 751 1002607 1975680 605
158 1549
159 753
159 1448
159 751 318 83 5
159 1548
160 705
160 1441
160 1447
160 744 62002 13943 85
160 1531
161 681
161 767
161 768
161 1392
161 1393
161 878
161 1394
161 798
161 995
161 1395
161 989
161 680 2546 440 162
161 1556
162 754
162 1273
162 1396
162 1397
162 822
162 1398
162 1399
162 1400
162 1049
162 1454
162 560 8214 200 14
162 1535
163 755
163 1401
163 1402
163 1239
163 1403
163 1472
163 1443
163 1445
163 1491
163 1469
163 1487
163 1482
163 1448
163 1447
163 1475
163 1453
163 1466
163 1442
163 1456
163 1441
163 1483
163 1522
163 1450
163 1486
163 1458
163 1474
163 1523
163 1504
163 1451
163 1457
163 1459
163 1508
163 1524
163 1473
163 1525
163 1444
163 357 8483 8111 279
163 1568
164 561
164 1376
164 1404
164 1405
164 1234
164 1081
164 1406
164 1241
164 1263
164 1407
164 1378
164 1057
164 1448
164 1441
164 1457
164 1445
164 1504
164 1458
164 554 0 0 1
164 556 223 132 9
164 644 19 18 2
164 655 4 2 2
164 559 557 424 32
164 558 2 2 1
164 555 6 6 1
164 649 18 29 8
164 745 2222 704 5
164 1568
165 756
165 1448
165 679 1280 196 27
165 1537
166 757
166 1408
166 1409
166 1410
166 1539
167 758
167 1411
167 1412
167 1413
167 1273
167 1414
167 1276
167 1415
167 1447
167 682 5173 2236 198
167 1544
168 561
168 1080
168 1057
168 1416
168 1417
168 1418
168 1234
168 1441
168 1445
168 1447
168 1458
168 649 0 0 1
168 591 0 0 1
168 559 28121 77 25
168 644 4 0 1
168 555 3 3 1
168 759 1127 890 10
168 1537
169 760
169 662 97 15 12
169 707 5 0 1
169 1562
170 402
170 1448
170 1451
170 1447
170 387 8134 4547 42
170 1558
171 761
171 1448
171 1441
171 1456
171 1447
171 697 741 112 6
171 1556
172 561
172 1057
172 1080
172 1419
172 1420
172 1206
172 1448
172 1457
172 1445
172 591 0 0 1
172 558 6 3 2
172 555 55 55 1
172 595 466 8 2
172 649 206 4 3
172 559 106 106 2
172 1554
173 754
173 1421
173 822
173 1422
173 1423
173 809
173 1498
173 1447
173 555 1 1 1
173 682 463 230 4
173 1569
174 678
174 1257
174 799
174 1424
174 802
174 1448
174 675 83 62 3
174 676 10 10 7
174 677 5263 5891 57
174 1563
175 762
175 1448
175 1454
175 1442
175 1447
175 601 46932 4469 184
175 1551
176 561
176 1294
176 1425
176 1426
176 1427
176 1428
176 1429
176 1430
176 1304
176 1431
176 1432
176 1433
176 1434
176 1445
176 1507
176 1469
176 1491
176 1448
176 1443
176 1456
176 1459
176 1447
176 1492
176 1442
176 1526
176 1472
176 1509
176 1460
176 1527
176 1457
176 591 0 0 3
176 644 201 0 1
176 1572
177 763
177 1448
177 1493
177 1442
177 524 97 193 2
177 1567
178 681
178 1254
178 767
178 768
178 1435
178 815
178 1436
178 1437
178 822
178 1438
178 1489
178 1469
178 1447
178 1442
178 1443
178 1491
178 680 14706 1379 244
178 1562
179 764
179 1448
179 1441
179 1477
179 1447
179 1470
179 1458
179 666 98718 20439 72
179 1573
180 765
180 1443
180 1528
180 1489
180 1487
180 1472
180 1442
180 1445
180 1500
180 1469
180 1457
180 1447
180 1504
180 562 705393 228510 125
180 1562
181 561
181 1057
181 1439
181 1139
181 1256
181 985
181 1440
181 1319
181 1080
181 1441
181 1445
181 1447
181 1443
181 1458
181 649 285 0 3
181 555 4 4 1
181 558 3 1 1
181 559 17 13 4
181 651 6902 6879 8
181 759 24 22 5
181 1536
182 561
182 1448
182 1441
182 1445
182 1447
182 1457
182 1458
182 712 16747 4975 35
182 644 34 34 3
182 592 1606 333 9
182 591 14 223 1
182 594 8188 11620 44
182 726 10 2 1
182 1561
