0 189 1
0 766 1
0 767 1
0 768 1
0 769 1
0 770 1
0 771 1
0 772 1
0 1441 1
0 1442 1
0 1443 1
0 1444 1
0 183 1
0 184 1
0 185 1
0 186 1
0 187 1
0 188 1
0 1529 1
1 190 1
1 1530 1
2 198 1
2 1445 1
2 191 1
2 192 1
2 184 1
2 193 1
2 194 1
2 195 1
2 196 1
2 197 1
2 1529 1
3 238 1
3 767 1
3 773 1
3 774 1
3 775 1
3 776 1
3 777 1
3 778 1
3 779 1
3 780 1
3 781 1
3 782 1
3 783 1
3 784 1
3 1446 1
3 199 1
3 200 1
3 201 1
3 202 1
3 203 1
3 204 1
3 205 1
3 206 1
3 207 1
3 208 1
3 209 1
3 210 1
3 211 1
3 212 1
3 213 1
3 214 1
3 215 1
3 216 1
3 217 1
3 218 1
3 219 1
3 220 1
3 221 1
3 222 1
3 223 1
3 224 1
3 225 1
3 226 1
3 227 1
3 228 1
3 229 1
3 230 1
3 231 1
3 232 1
3 233 1
3 234 1
3 235 1
3 236 1
3 237 1
3 1531 1
4 242 1
4 785 1
4 786 1
4 767 1
4 787 1
4 788 1
4 789 1
4 790 1
4 791 1
4 768 1
4 792 1
4 793 1
4 794 1
4 239 1
4 240 1
4 232 1
4 241 1
4 1531 1
5 245 1
5 1447 1
5 243 1
5 244 1
5 1532 1
6 258 1
6 767 1
6 768 1
6 246 1
6 247 1
6 248 1
6 249 1
6 250 1
6 251 1
6 252 1
6 253 1
6 254 1
6 255 1
6 256 1
6 232 1
6 257 1
6 1531 1
7 260 1
7 775 1
7 773 1
7 774 1
7 778 1
7 768 1
7 795 1
7 767 1
7 796 1
7 792 1
7 794 1
7 797 1
7 777 1
7 798 1
7 1446 1
7 1444 1
7 1441 1
7 1447 1
7 232 1
7 214 1
7 216 1
7 233 1
7 201 1
7 202 1
7 204 1
7 206 1
7 207 1
7 208 1
7 209 1
7 210 1
7 211 1
7 213 1
7 215 1
7 217 1
7 218 1
7 219 1
7 220 1
7 221 1
7 212 1
7 222 1
7 223 1
7 199 1
7 225 1
7 226 1
7 227 1
7 228 1
7 229 1
7 231 1
7 205 1
7 203 1
7 259 1
7 237 1
7 234 1
7 235 1
7 224 1
7 236 1
7 1531 1
8 268 1
8 799 1
8 800 1
8 801 1
8 802 1
8 1448 1
8 1447 1
8 261 1
8 262 1
8 263 1
8 264 1
8 265 1
8 266 1
8 267 1
8 1533 1
9 272 1
9 232 1
9 269 1
9 270 1
9 271 1
9 1531 1
10 339 1
10 803 1
10 804 1
10 805 1
10 806 1
10 807 1
10 808 1
10 1449 1
10 1448 1
10 1447 1
10 1450 1
10 1451 1
10 1452 1
10 1453 1
10 1444 1
10 1454 1
10 1455 1
10 1456 1
10 1445 1
10 1441 1
10 1457 1
10 1458 1
10 1459 1
10 1460 1
10 1461 1
10 273 1
10 274 1
10 275 1
10 276 1
10 277 1
10 278 1
10 279 1
10 280 1
10 281 1
10 282 1
10 283 1
10 284 1
10 285 1
10 286 1
10 287 1
10 288 1
10 289 1
10 290 1
10 291 1
10 292 1
10 293 1
10 294 1
10 295 1
10 296 1
10 297 1
10 298 1
10 299 1
10 300 1
10 301 1
10 302 1
10 303 1
10 304 1
10 305 1
10 306 1
10 307 1
10 308 1
10 309 1
10 310 1
10 311 1
10 312 1
10 313 1
10 314 1
10 315 1
10 316 1
10 317 1
10 318 1
10 319 1
10 320 1
10 321 1
10 322 1
10 323 1
10 324 1
10 325 1
10 326 1
10 327 1
10 328 1
10 329 1
10 330 1
10 331 1
10 332 1
10 333 1
10 334 1
10 335 1
10 336 1
10 337 1
10 338 1
10 1534 1
11 353 1
11 767 1
11 809 1
11 810 1
11 811 1
11 812 1
11 813 1
11 814 1
11 815 1
11 816 1
11 768 1
11 817 1
11 818 1
11 819 1
11 820 1
11 821 1
11 184 1
11 340 1
11 341 1
11 249 1
11 342 1
11 343 1
11 344 1
11 185 1
11 192 1
11 196 1
11 345 1
11 346 1
11 347 1
11 348 1
11 349 1
11 232 1
11 350 1
11 351 1
11 352 1
11 1535 1
12 358 1
12 822 1
12 823 1
12 824 1
12 825 1
12 826 1
12 827 1
12 828 1
12 829 1
12 830 1
12 831 1
12 832 1
12 833 1
12 834 1
12 835 1
12 836 1
12 837 1
12 838 1
12 767 1
12 768 1
12 342 1
12 343 1
12 354 1
12 184 1
12 355 1
12 356 1
12 347 1
12 357 1
12 1535 1
13 360 1
13 839 1
13 840 1
13 841 1
13 842 1
13 843 1
13 359 1
13 1536 1
14 361 1
14 806 1
14 844 1
14 845 1
14 846 1
14 847 1
14 848 1
14 849 1
14 850 1
14 808 1
14 851 1
14 805 1
14 852 1
14 853 1
14 1448 1
14 1441 1
14 1450 1
14 1447 1
14 1456 1
14 1462 1
14 1444 1
14 1452 1
14 1463 1
14 1457 1
14 1461 1
14 1458 1
14 1445 1
14 1454 1
14 1464 1
14 1465 1
14 1466 1
14 1467 1
14 273 1
14 298 1
14 285 1
14 274 1
14 264 1
14 336 1
14 279 1
14 281 1
14 282 1
14 283 1
14 332 1
14 277 1
14 326 1
14 289 1
14 276 1
14 296 1
14 278 1
14 291 1
14 292 1
14 293 1
14 294 1
14 295 1
14 284 1
14 297 1
14 299 1
14 300 1
14 303 1
14 306 1
14 302 1
14 304 1
14 305 1
14 307 1
14 318 1
14 309 1
14 310 1
14 311 1
14 312 1
14 313 1
14 287 1
14 314 1
14 290 1
14 315 1
14 308 1
14 316 1
14 317 1
14 280 1
14 319 1
14 320 1
14 321 1
14 301 1
14 322 1
14 286 1
14 323 1
14 324 1
14 325 1
14 288 1
14 327 1
14 329 1
14 330 1
14 331 1
14 328 1
14 333 1
14 334 1
14 240 1
14 335 1
14 337 1
14 338 1
14 1537 1
15 362 1
15 854 1
15 855 1
15 856 1
15 857 1
15 1468 1
15 1538 1
16 376 1
16 767 1
16 794 1
16 793 1
16 768 1
16 858 1
16 195 1
16 363 1
16 364 1
16 365 1
16 184 1
16 366 1
16 367 1
16 368 1
16 352 1
16 239 1
16 369 1
16 370 1
16 371 1
16 372 1
16 354 1
16 373 1
16 187 1
16 348 1
16 253 1
16 374 1
16 232 1
16 375 1
16 200 1
16 1539 1
17 378 1
17 859 1
17 814 1
17 860 1
17 340 1
17 377 1
17 367 1
17 248 1
17 341 1
17 194 1
17 232 1
17 346 1
17 1540 1
18 381 1
18 768 1
18 767 1
18 792 1
18 861 1
18 862 1
18 1447 1
18 1442 1
18 379 1
18 184 1
18 232 1
18 380 1
18 192 1
18 1540 1
19 402 1
19 863 1
19 799 1
19 864 1
19 865 1
19 866 1
19 867 1
19 868 1
19 869 1
19 1448 1
19 1469 1
19 382 1
19 383 1
19 384 1
19 385 1
19 386 1
19 387 1
19 388 1
19 389 1
19 390 1
19 391 1
19 392 1
19 393 1
19 394 1
19 395 1
19 396 1
19 397 1
19 398 1
19 399 1
19 400 1
19 401 1
19 1541 1
20 272 1
20 785 1
20 270 1
20 271 1
20 1534 1
21 406 1
21 870 1
21 871 1
21 872 1
21 873 1
21 874 1
21 875 1
21 876 1
21 877 1
21 814 1
21 878 1
21 879 1
21 880 1
21 1448 1
21 1470 1
21 1447 1
21 1451 1
21 1464 1
21 1445 1
21 1471 1
21 1458 1
21 1441 1
21 384 1
21 403 1
21 404 1
21 405 1
21 1539 1
22 409 1
22 862 1
22 767 1
22 184 1
22 407 1
22 345 1
22 364 1
22 371 1
22 408 1
22 1542 1
23 410 1
23 799 1
23 881 1
23 882 1
23 883 1
23 884 1
23 885 1
23 886 1
23 887 1
23 888 1
23 1448 1
23 1462 1
23 1457 1
23 1442 1
23 1447 1
23 1445 1
23 252 1
23 264 1
23 396 1
23 1543 1
24 413 1
24 1448 1
24 1447 1
24 1451 1
24 1458 1
24 411 1
24 412 1
24 1538 1
25 414 1
25 889 1
25 890 1
25 891 1
25 768 1
25 767 1
25 892 1
25 893 1
25 894 1
25 895 1
25 896 1
25 897 1
25 1443 1
25 359 1
25 407 1
25 1544 1
26 402 1
26 898 1
26 799 1
26 790 1
26 785 1
26 789 1
26 899 1
26 900 1
26 1448 1
26 1472 1
26 382 1
26 396 1
26 384 1
26 387 1
26 415 1
26 389 1
26 416 1
26 390 1
26 417 1
26 400 1
26 392 1
26 418 1
26 419 1
26 383 1
26 420 1
26 394 1
26 388 1
26 421 1
26 422 1
26 1541 1
27 426 1
27 901 1
27 902 1
27 903 1
27 904 1
27 905 1
27 906 1
27 907 1
27 768 1
27 1443 1
27 423 1
27 344 1
27 424 1
27 425 1
27 355 1
27 350 1
27 366 1
27 352 1
27 1540 1
28 498 1
28 799 1
28 908 1
28 909 1
28 910 1
28 911 1
28 912 1
28 913 1
28 914 1
28 915 1
28 916 1
28 853 1
28 1448 1
28 1472 1
28 1469 1
28 1473 1
28 1474 1
28 1475 1
28 1444 1
28 1442 1
28 1464 1
28 1459 1
28 1476 1
28 1447 1
28 1451 1
28 1445 1
28 1458 1
28 1477 1
28 1478 1
28 1456 1
28 1443 1
28 1479 1
28 1480 1
28 1481 1
28 427 1
28 428 1
28 429 1
28 430 1
28 431 1
28 432 1
28 433 1
28 434 1
28 435 1
28 436 1
28 437 1
28 438 1
28 439 1
28 440 1
28 441 1
28 442 1
28 443 1
28 444 1
28 445 1
28 446 1
28 447 1
28 448 1
28 449 1
28 450 1
28 451 1
28 452 1
28 453 1
28 454 1
28 455 1
28 456 1
28 457 1
28 458 1
28 459 1
28 460 1
28 461 1
28 251 1
28 462 1
28 463 1
28 464 1
28 465 1
28 466 1
28 467 1
28 468 1
28 469 1
28 470 1
28 471 1
28 472 1
28 473 1
28 474 1
28 475 1
28 476 1
28 477 1
28 478 1
28 479 1
28 480 1
28 481 1
28 482 1
28 483 1
28 484 1
28 485 1
28 486 1
28 487 1
28 488 1
28 489 1
28 490 1
28 491 1
28 492 1
28 493 1
28 494 1
28 495 1
28 496 1
28 497 1
28 1545 1
29 500 1
29 917 1
29 918 1
29 919 1
29 920 1
29 921 1
29 922 1
29 767 1
29 186 1
29 499 1
29 244 1
29 1546 1
30 502 1
30 232 1
30 379 1
30 501 1
30 345 1
30 351 1
30 1545 1
31 506 1
31 1469 1
31 1473 1
31 1474 1
31 1447 1
31 1442 1
31 1459 1
31 1443 1
31 1472 1
31 503 1
31 504 1
31 505 1
31 422 1
31 1537 1
32 508 1
32 1448 1
32 412 1
32 507 1
32 267 1
32 1543 1
33 510 1
33 923 1
33 924 1
33 925 1
33 372 1
33 509 1
33 371 1
33 408 1
33 1547 1
34 511 1
34 768 1
34 767 1
34 926 1
34 927 1
34 928 1
34 929 1
34 405 1
34 363 1
34 184 1
34 197 1
34 1548 1
35 513 1
35 1482 1
35 1447 1
35 1460 1
35 1442 1
35 512 1
35 250 1
35 1549 1
36 402 1
36 930 1
36 799 1
36 861 1
36 931 1
36 868 1
36 932 1
36 1448 1
36 1447 1
36 1469 1
36 1472 1
36 1483 1
36 1451 1
36 1443 1
36 382 1
36 384 1
36 385 1
36 386 1
36 387 1
36 415 1
36 383 1
36 416 1
36 390 1
36 392 1
36 418 1
36 395 1
36 420 1
36 393 1
36 394 1
36 388 1
36 421 1
36 391 1
36 389 1
36 417 1
36 419 1
36 397 1
36 398 1
36 399 1
36 401 1
36 1550 1
37 514 1
37 1448 1
37 1447 1
37 1451 1
37 1551 1
38 516 1
38 933 1
38 767 1
38 768 1
38 792 1
38 340 1
38 515 1
38 1552 1
39 517 1
39 934 1
39 935 1
39 936 1
39 937 1
39 938 1
39 939 1
39 940 1
39 941 1
39 942 1
39 1462 1
39 1441 1
39 1448 1
39 1457 1
39 1447 1
39 1445 1
39 1443 1
39 1463 1
39 1484 1
39 261 1
39 246 1
39 380 1
39 1546 1
40 519 1
40 943 1
40 768 1
40 944 1
40 945 1
40 767 1
40 792 1
40 423 1
40 379 1
40 518 1
40 425 1
40 366 1
40 183 1
40 1537 1
41 521 1
41 767 1
41 768 1
41 946 1
41 947 1
41 948 1
41 949 1
41 950 1
41 951 1
41 952 1
41 953 1
41 954 1
41 955 1
41 956 1
41 957 1
41 1441 1
41 1447 1
41 520 1
41 375 1
41 1531 1
42 522 1
42 958 1
42 959 1
42 799 1
42 960 1
42 961 1
42 1448 1
42 1441 1
42 1445 1
42 1447 1
42 266 1
42 256 1
42 267 1
42 1542 1
43 523 1
43 962 1
43 963 1
43 964 1
43 370 1
43 232 1
43 1553 1
44 525 1
44 965 1
44 966 1
44 967 1
44 968 1
44 969 1
44 970 1
44 799 1
44 1448 1
44 1485 1
44 1457 1
44 1464 1
44 384 1
44 264 1
44 524 1
44 255 1
44 1554 1
45 526 1
45 1447 1
45 1535 1
46 528 1
46 971 1
46 972 1
46 973 1
46 974 1
46 975 1
46 976 1
46 977 1
46 978 1
46 979 1
46 980 1
46 981 1
46 982 1
46 881 1
46 983 1
46 984 1
46 985 1
46 771 1
46 986 1
46 987 1
46 798 1
46 1443 1
46 1459 1
46 1447 1
46 1444 1
46 1442 1
46 527 1
46 518 1
46 232 1
46 1555 1
47 529 1
47 988 1
47 798 1
47 989 1
47 990 1
47 991 1
47 992 1
47 993 1
47 994 1
47 995 1
47 767 1
47 768 1
47 996 1
47 997 1
47 998 1
47 999 1
47 1000 1
47 1001 1
47 1002 1
47 1003 1
47 368 1
47 499 1
47 1556 1
48 531 1
48 1004 1
48 1005 1
48 1006 1
48 1007 1
48 790 1
48 1008 1
48 1009 1
48 798 1
48 1010 1
48 1011 1
48 1012 1
48 1013 1
48 1014 1
48 1015 1
48 1016 1
48 1017 1
48 1018 1
48 1019 1
48 1469 1
48 1459 1
48 1486 1
48 1473 1
48 1443 1
48 1442 1
48 1483 1
48 1487 1
48 1475 1
48 1472 1
48 1447 1
48 530 1
48 505 1
48 1555 1
49 544 1
49 1020 1
49 1021 1
49 1022 1
49 1023 1
49 1024 1
49 853 1
49 1448 1
49 1482 1
49 1441 1
49 1447 1
49 532 1
49 533 1
49 534 1
49 535 1
49 536 1
49 537 1
49 538 1
49 539 1
49 540 1
49 541 1
49 542 1
49 543 1
49 1557 1
50 528 1
50 973 1
50 974 1
50 978 1
50 982 1
50 1025 1
50 981 1
50 984 1
50 972 1
50 1026 1
50 1027 1
50 1028 1
50 980 1
50 1029 1
50 971 1
50 1030 1
50 1031 1
50 983 1
50 798 1
50 985 1
50 922 1
50 1447 1
50 1458 1
50 1442 1
50 1488 1
50 527 1
50 243 1
50 1555 1
51 545 1
51 1032 1
51 768 1
51 822 1
51 827 1
51 1033 1
51 932 1
51 1034 1
51 1035 1
51 377 1
51 1546 1
52 547 1
52 853 1
52 1472 1
52 1469 1
52 1442 1
52 1473 1
52 1489 1
52 1475 1
52 1443 1
52 1445 1
52 1474 1
52 1480 1
52 1459 1
52 1447 1
52 1464 1
52 1490 1
52 1444 1
52 1479 1
52 1458 1
52 443 1
52 430 1
52 431 1
52 432 1
52 470 1
52 428 1
52 439 1
52 438 1
52 442 1
52 472 1
52 473 1
52 440 1
52 444 1
52 437 1
52 446 1
52 447 1
52 448 1
52 450 1
52 441 1
52 474 1
52 462 1
52 453 1
52 478 1
52 449 1
52 454 1
52 455 1
52 475 1
52 469 1
52 456 1
52 433 1
52 476 1
52 477 1
52 457 1
52 451 1
52 445 1
52 479 1
52 459 1
52 466 1
52 471 1
52 481 1
52 464 1
52 482 1
52 494 1
52 429 1
52 427 1
52 483 1
52 546 1
52 460 1
52 461 1
52 484 1
52 434 1
52 458 1
52 480 1
52 485 1
52 486 1
52 436 1
52 488 1
52 489 1
52 490 1
52 491 1
52 492 1
52 463 1
52 452 1
52 493 1
52 465 1
52 435 1
52 495 1
52 496 1
52 497 1
52 467 1
52 468 1
52 1558 1
53 549 1
53 548 1
53 1551 1
54 550 1
54 799 1
54 1036 1
54 1037 1
54 1038 1
54 1039 1
54 1040 1
54 1041 1
54 1042 1
54 1043 1
54 1044 1
54 1045 1
54 1448 1
54 269 1
54 1533 1
55 552 1
55 551 1
55 241 1
55 1547 1
56 553 1
56 1046 1
56 1047 1
56 1048 1
56 1049 1
56 1050 1
56 1051 1
56 1052 1
56 1053 1
56 1054 1
56 1055 1
56 230 1
56 1549 1
57 561 1
57 1030 1
57 979 1
57 1056 1
57 932 1
57 1057 1
57 1491 1
57 554 1
57 555 1
57 556 1
57 557 1
57 558 1
57 559 1
57 560 1
57 1535 1
58 563 1
58 1058 1
58 1059 1
58 1060 1
58 1061 1
58 1062 1
58 1063 1
58 1064 1
58 1065 1
58 1066 1
58 1067 1
58 1068 1
58 1069 1
58 1070 1
58 1071 1
58 562 1
58 254 1
58 1534 1
59 569 1
59 1072 1
59 1073 1
59 1074 1
59 1075 1
59 1076 1
59 767 1
59 768 1
59 564 1
59 565 1
59 369 1
59 566 1
59 567 1
59 568 1
59 515 1
59 1535 1
60 552 1
60 551 1
60 1541 1
61 585 1
61 1077 1
61 1078 1
61 799 1
61 1079 1
61 1020 1
61 853 1
61 1080 1
61 1081 1
61 845 1
61 1082 1
61 1083 1
61 1448 1
61 1445 1
61 1447 1
61 1442 1
61 1443 1
61 1458 1
61 570 1
61 571 1
61 572 1
61 573 1
61 574 1
61 575 1
61 576 1
61 577 1
61 533 1
61 578 1
61 579 1
61 580 1
61 581 1
61 582 1
61 583 1
61 584 1
61 1559 1
62 590 1
62 1084 1
62 1085 1
62 1086 1
62 1087 1
62 878 1
62 799 1
62 1016 1
62 1013 1
62 1088 1
62 1089 1
62 1090 1
62 1091 1
62 1092 1
62 1093 1
62 1094 1
62 1095 1
62 1096 1
62 1097 1
62 1098 1
62 1099 1
62 1448 1
62 1441 1
62 1450 1
62 1492 1
62 1445 1
62 1457 1
62 1451 1
62 1447 1
62 586 1
62 587 1
62 588 1
62 589 1
62 411 1
62 1560 1
63 561 1
63 1100 1
63 985 1
63 1101 1
63 1102 1
63 1103 1
63 799 1
63 1104 1
63 1105 1
63 1106 1
63 1057 1
63 1441 1
63 1447 1
63 1448 1
63 1443 1
63 1445 1
63 1458 1
63 1457 1
63 1493 1
63 591 1
63 592 1
63 555 1
63 593 1
63 594 1
63 558 1
63 595 1
63 559 1
63 557 1
63 596 1
63 597 1
63 598 1
63 1539 1
64 599 1
64 1107 1
64 1108 1
64 1109 1
64 1110 1
64 1111 1
64 1112 1
64 1113 1
64 767 1
64 768 1
64 1114 1
64 349 1
64 265 1
64 1540 1
65 600 1
65 1115 1
65 1116 1
65 1117 1
65 768 1
65 1118 1
65 1119 1
65 865 1
65 1120 1
65 1121 1
65 1122 1
65 767 1
65 1123 1
65 1124 1
65 1125 1
65 1126 1
65 1127 1
65 1128 1
65 1129 1
65 1130 1
65 1131 1
65 1445 1
65 1443 1
65 1444 1
65 1447 1
65 1457 1
65 1441 1
65 1442 1
65 259 1
65 373 1
65 1531 1
66 604 1
66 1132 1
66 799 1
66 962 1
66 861 1
66 1133 1
66 1134 1
66 1135 1
66 1136 1
66 1137 1
66 1138 1
66 1448 1
66 1441 1
66 1445 1
66 1472 1
66 1447 1
66 1464 1
66 1469 1
66 1443 1
66 1494 1
66 1495 1
66 1496 1
66 601 1
66 396 1
66 564 1
66 602 1
66 603 1
66 1559 1
67 617 1
67 1139 1
67 1140 1
67 1141 1
67 799 1
67 1444 1
67 1447 1
67 1458 1
67 605 1
67 606 1
67 607 1
67 608 1
67 609 1
67 262 1
67 584 1
67 610 1
67 611 1
67 612 1
67 546 1
67 613 1
67 614 1
67 615 1
67 616 1
67 1561 1
68 552 1
68 551 1
68 1550 1
69 618 1
69 1142 1
69 1143 1
69 1144 1
69 1145 1
69 1032 1
69 792 1
69 1146 1
69 1147 1
69 767 1
69 768 1
69 822 1
69 834 1
69 1034 1
69 1148 1
69 1562 1
70 619 1
70 1149 1
70 1150 1
70 1151 1
70 1152 1
70 1153 1
70 1461 1
70 1442 1
70 374 1
70 365 1
70 184 1
70 1544 1
71 426 1
71 424 1
71 1563 1
72 621 1
72 1154 1
72 1155 1
72 800 1
72 801 1
72 1497 1
72 620 1
72 263 1
72 1538 1
73 623 1
73 1445 1
73 622 1
73 489 1
73 430 1
73 1538 1
74 624 1
74 1156 1
74 799 1
74 1157 1
74 1458 1
74 275 1
74 1560 1
75 550 1
75 1158 1
75 883 1
75 1159 1
75 1160 1
75 1161 1
75 1162 1
75 1163 1
75 1164 1
75 269 1
75 1548 1
76 626 1
76 1154 1
76 1165 1
76 1166 1
76 1167 1
76 1168 1
76 822 1
76 1169 1
76 1170 1
76 1497 1
76 1448 1
76 1443 1
76 1447 1
76 1498 1
76 625 1
76 1564 1
77 627 1
77 1448 1
77 1565 1
78 629 1
78 1448 1
78 1445 1
78 1447 1
78 628 1
78 1555 1
79 630 1
79 1171 1
79 1172 1
79 1444 1
79 1445 1
79 1539 1
80 500 1
80 1173 1
80 1174 1
80 1175 1
80 1176 1
80 1177 1
80 1178 1
80 1179 1
80 1180 1
80 499 1
80 1566 1
81 631 1
81 1181 1
81 1182 1
81 790 1
81 789 1
81 1183 1
81 1184 1
81 1185 1
81 1186 1
81 1187 1
81 1188 1
81 1189 1
81 1190 1
81 977 1
81 1191 1
81 1006 1
81 1192 1
81 1193 1
81 1194 1
81 1195 1
81 1196 1
81 1469 1
81 1472 1
81 1487 1
81 1442 1
81 1443 1
81 1483 1
81 1447 1
81 1461 1
81 1499 1
81 1500 1
81 1448 1
81 1482 1
81 1454 1
81 1453 1
81 1486 1
81 1444 1
81 530 1
81 1555 1
82 632 1
82 1454 1
82 1567 1
83 547 1
83 1197 1
83 901 1
83 1198 1
83 945 1
83 1448 1
83 1467 1
83 1458 1
83 1447 1
83 1445 1
83 1441 1
83 1501 1
83 188 1
83 1542 1
84 633 1
84 1448 1
84 1547 1
85 634 1
85 1531 1
86 635 1
86 1482 1
86 1442 1
86 1447 1
86 1458 1
86 193 1
86 1529 1
87 642 1
87 1448 1
87 1444 1
87 636 1
87 637 1
87 570 1
87 638 1
87 639 1
87 640 1
87 641 1
87 1567 1
88 561 1
88 1199 1
88 1101 1
88 1200 1
88 1201 1
88 985 1
88 1202 1
88 1203 1
88 1204 1
88 1102 1
88 1057 1
88 1448 1
88 1447 1
88 1441 1
88 1444 1
88 1458 1
88 591 1
88 596 1
88 643 1
88 592 1
88 644 1
88 558 1
88 593 1
88 645 1
88 594 1
88 559 1
88 597 1
88 555 1
88 646 1
88 1552 1
89 647 1
89 1205 1
89 1206 1
89 1207 1
89 1208 1
89 1142 1
89 1209 1
89 1210 1
89 1211 1
89 768 1
89 767 1
89 792 1
89 1212 1
89 1213 1
89 1214 1
89 1034 1
89 1489 1
89 232 1
89 501 1
89 520 1
89 1547 1
90 648 1
90 548 1
90 1559 1
91 561 1
91 1215 1
91 1022 1
91 1216 1
91 1217 1
91 1218 1
91 1219 1
91 1448 1
91 1482 1
91 1447 1
91 591 1
91 649 1
91 558 1
91 555 1
91 559 1
91 572 1
91 1545 1
92 650 1
92 1448 1
92 1447 1
92 560 1
92 1567 1
93 585 1
93 1441 1
93 1447 1
93 651 1
93 555 1
93 652 1
93 578 1
93 577 1
93 574 1
93 576 1
93 1559 1
94 653 1
94 1048 1
94 1220 1
94 1221 1
94 793 1
94 1222 1
94 1223 1
94 962 1
94 1224 1
94 1225 1
94 1226 1
94 1227 1
94 1228 1
94 1229 1
94 1230 1
94 1231 1
94 1232 1
94 1233 1
94 1234 1
94 853 1
94 1562 1
95 654 1
95 1235 1
95 1236 1
95 1237 1
95 1238 1
95 1469 1
95 1474 1
95 1475 1
95 1459 1
95 1442 1
95 1447 1
95 1443 1
95 1472 1
95 503 1
95 1559 1
96 561 1
96 1239 1
96 861 1
96 799 1
96 932 1
96 1240 1
96 1241 1
96 1242 1
96 1243 1
96 1081 1
96 1057 1
96 1244 1
96 1443 1
96 1448 1
96 554 1
96 555 1
96 655 1
96 575 1
96 558 1
96 559 1
96 646 1
96 656 1
96 1539 1
97 664 1
97 1106 1
97 657 1
97 658 1
97 659 1
97 660 1
97 661 1
97 662 1
97 663 1
97 1547 1
98 561 1
98 1245 1
98 1246 1
98 1247 1
98 1248 1
98 1249 1
98 1250 1
98 799 1
98 1057 1
98 1448 1
98 1464 1
98 1447 1
98 1443 1
98 591 1
98 558 1
98 559 1
98 656 1
98 1568 1
99 665 1
99 1550 1
100 667 1
100 1251 1
100 1252 1
100 799 1
100 962 1
100 1253 1
100 934 1
100 1441 1
100 1448 1
100 1462 1
100 1447 1
100 1484 1
100 1470 1
100 1445 1
100 1457 1
100 666 1
100 652 1
100 1563 1
101 668 1
101 1445 1
101 1444 1
101 622 1
101 467 1
101 1548 1
102 669 1
102 1448 1
102 1472 1
102 1447 1
102 1469 1
102 1451 1
102 1445 1
102 1443 1
102 1492 1
102 1460 1
102 1442 1
102 247 1
102 586 1
102 1569 1
103 670 1
103 1254 1
103 1570 1
104 671 1
104 1448 1
104 1445 1
104 1441 1
104 1443 1
104 1444 1
104 1457 1
104 1447 1
104 1442 1
104 1450 1
104 1502 1
104 628 1
104 1546 1
105 672 1
105 985 1
105 1255 1
105 1256 1
105 1101 1
105 799 1
105 1448 1
105 1544 1
106 674 1
106 1497 1
106 1448 1
106 620 1
106 673 1
106 1565 1
107 678 1
107 1257 1
107 799 1
107 1448 1
107 1472 1
107 1474 1
107 1469 1
107 1442 1
107 1447 1
107 675 1
107 673 1
107 676 1
107 677 1
107 1562 1
108 590 1
108 1258 1
108 908 1
108 1085 1
108 1259 1
108 1260 1
108 1091 1
108 1095 1
108 1261 1
108 1448 1
108 1441 1
108 1447 1
108 1457 1
108 1458 1
108 1445 1
108 587 1
108 589 1
108 588 1
108 1544 1
109 585 1
109 861 1
109 1081 1
109 1262 1
109 1263 1
109 1080 1
109 1448 1
109 1447 1
109 577 1
109 582 1
109 578 1
109 679 1
109 579 1
109 573 1
109 571 1
109 1565 1
110 681 1
110 862 1
110 1264 1
110 767 1
110 768 1
110 1265 1
110 1266 1
110 925 1
110 1267 1
110 1268 1
110 1269 1
110 1270 1
110 1271 1
110 1272 1
110 1469 1
110 1443 1
110 1486 1
110 1460 1
110 680 1
110 1540 1
111 561 1
111 1273 1
111 1274 1
111 1275 1
111 1276 1
111 1277 1
111 1057 1
111 1493 1
111 1491 1
111 1447 1
111 1459 1
111 554 1
111 556 1
111 558 1
111 682 1
111 559 1
111 1535 1
112 694 1
112 1445 1
112 1447 1
112 1458 1
112 1443 1
112 683 1
112 684 1
112 685 1
112 686 1
112 687 1
112 688 1
112 689 1
112 690 1
112 691 1
112 692 1
112 693 1
112 1542 1
113 700 1
113 1278 1
113 1106 1
113 1279 1
113 1105 1
113 1280 1
113 1441 1
113 1443 1
113 1447 1
113 662 1
113 695 1
113 696 1
113 697 1
113 698 1
113 660 1
113 699 1
113 1565 1
114 701 1
114 799 1
114 1281 1
114 870 1
114 1282 1
114 1283 1
114 1284 1
114 1285 1
114 1286 1
114 1287 1
114 1288 1
114 1289 1
114 1448 1
114 1441 1
114 1445 1
114 1457 1
114 1447 1
114 1458 1
114 403 1
114 404 1
114 1549 1
115 544 1
115 853 1
115 1023 1
115 1021 1
115 1022 1
115 1024 1
115 799 1
115 1448 1
115 1477 1
115 1447 1
115 535 1
115 536 1
115 534 1
115 538 1
115 539 1
115 540 1
115 541 1
115 532 1
115 543 1
115 542 1
115 1529 1
116 561 1
116 1290 1
116 1291 1
116 1292 1
116 1293 1
116 801 1
116 1294 1
116 853 1
116 1448 1
116 1447 1
116 1457 1
116 1470 1
116 1460 1
116 1458 1
116 1503 1
116 1451 1
116 1441 1
116 591 1
116 583 1
116 555 1
116 1571 1
117 702 1
117 1295 1
117 1075 1
117 1296 1
117 1297 1
117 1249 1
117 1298 1
117 1299 1
117 1300 1
117 1301 1
117 1302 1
117 1448 1
117 1447 1
117 1467 1
117 1445 1
117 1459 1
117 1458 1
117 1471 1
117 384 1
117 566 1
117 567 1
117 565 1
117 568 1
117 1535 1
118 705 1
118 1156 1
118 1303 1
118 1304 1
118 1305 1
118 1447 1
118 1441 1
118 1458 1
118 703 1
118 704 1
118 1566 1
119 708 1
119 1103 1
119 1306 1
119 1307 1
119 1308 1
119 1309 1
119 922 1
119 1310 1
119 706 1
119 662 1
119 707 1
119 1536 1
120 710 1
120 1448 1
120 1445 1
120 1441 1
120 1457 1
120 709 1
120 1543 1
121 711 1
121 1556 1
122 694 1
122 1311 1
122 980 1
122 1104 1
122 1447 1
122 1458 1
122 684 1
122 512 1
122 687 1
122 504 1
122 690 1
122 683 1
122 685 1
122 686 1
122 689 1
122 494 1
122 691 1
122 692 1
122 693 1
122 1542 1
123 550 1
123 799 1
123 1312 1
123 1313 1
123 908 1
123 1314 1
123 1315 1
123 1316 1
123 1448 1
123 1447 1
123 269 1
123 1551 1
124 561 1
124 861 1
124 1215 1
124 1080 1
124 1216 1
124 985 1
124 1317 1
124 1318 1
124 1241 1
124 1306 1
124 1319 1
124 1448 1
124 1441 1
124 1482 1
124 1447 1
124 1445 1
124 1458 1
124 1457 1
124 591 1
124 558 1
124 592 1
124 572 1
124 712 1
124 594 1
124 1559 1
125 561 1
125 1448 1
125 1447 1
125 649 1
125 1533 1
126 710 1
126 1441 1
126 1445 1
126 1457 1
126 1447 1
126 709 1
126 1546 1
127 714 1
127 1320 1
127 1448 1
127 1445 1
127 1460 1
127 1447 1
127 684 1
127 713 1
127 688 1
127 706 1
127 584 1
127 1543 1
128 510 1
128 1321 1
128 1322 1
128 1323 1
128 1324 1
128 862 1
128 1325 1
128 509 1
128 1563 1
129 715 1
129 768 1
129 1326 1
129 963 1
129 1327 1
129 1328 1
129 1329 1
129 1330 1
129 1331 1
129 767 1
129 1332 1
129 853 1
129 1333 1
129 1334 1
129 1335 1
129 1336 1
129 1337 1
129 1338 1
129 1339 1
129 184 1
129 1563 1
130 561 1
130 1340 1
130 985 1
130 1199 1
130 1341 1
130 1102 1
130 1342 1
130 1101 1
130 1057 1
130 1447 1
130 596 1
130 643 1
130 592 1
130 593 1
130 558 1
130 594 1
130 559 1
130 597 1
130 646 1
130 1542 1
131 544 1
131 1482 1
131 1469 1
131 1447 1
131 1472 1
131 1442 1
131 1475 1
131 1458 1
131 537 1
131 541 1
131 598 1
131 1570 1
132 716 1
132 1443 1
132 1469 1
132 1446 1
132 1448 1
132 1447 1
132 1504 1
132 580 1
132 1566 1
133 561 1
133 1078 1
133 1104 1
133 799 1
133 1101 1
133 985 1
133 1102 1
133 1103 1
133 1057 1
133 1447 1
133 1458 1
133 591 1
133 593 1
133 558 1
133 597 1
133 592 1
133 596 1
133 594 1
133 559 1
133 646 1
133 557 1
133 1536 1
134 561 1
134 1343 1
134 1344 1
134 1345 1
134 1346 1
134 1347 1
134 1348 1
134 1443 1
134 1448 1
134 1464 1
134 1447 1
134 649 1
134 1530 1
135 561 1
135 1448 1
135 596 1
135 1542 1
136 642 1
136 1448 1
136 1445 1
136 1441 1
136 640 1
136 637 1
136 570 1
136 636 1
136 625 1
136 638 1
136 639 1
136 717 1
136 641 1
136 1533 1
137 718 1
137 356 1
137 1571 1
138 721 1
138 1443 1
138 1469 1
138 719 1
138 720 1
138 1549 1
139 722 1
139 352 1
139 1531 1
140 723 1
140 1349 1
140 1350 1
140 1351 1
140 1352 1
140 1457 1
140 1454 1
140 1445 1
140 1441 1
140 1505 1
140 1447 1
140 1486 1
140 1458 1
140 257 1
140 1543 1
141 724 1
141 1353 1
141 1354 1
141 1355 1
141 1356 1
141 1357 1
141 1448 1
141 1443 1
141 1447 1
141 1445 1
141 1451 1
141 1456 1
141 191 1
141 507 1
141 1560 1
142 561 1
142 1103 1
142 799 1
142 1101 1
142 1342 1
142 1104 1
142 1102 1
142 1358 1
142 1057 1
142 985 1
142 1447 1
142 591 1
142 593 1
142 559 1
142 592 1
142 558 1
142 645 1
142 594 1
142 725 1
142 597 1
142 557 1
142 726 1
142 727 1
142 1542 1
143 664 1
143 1106 1
143 1359 1
143 1360 1
143 1361 1
143 1362 1
143 1363 1
143 1105 1
143 1278 1
143 1364 1
143 1482 1
143 1454 1
143 1447 1
143 1441 1
143 663 1
143 728 1
143 729 1
143 730 1
143 731 1
143 732 1
143 661 1
143 733 1
143 734 1
143 735 1
143 736 1
143 657 1
143 737 1
143 738 1
143 739 1
143 659 1
143 698 1
143 658 1
143 662 1
143 740 1
143 1535 1
144 705 1
144 1448 1
144 1441 1
144 1443 1
144 1458 1
144 1457 1
144 1445 1
144 1447 1
144 707 1
144 704 1
144 741 1
144 662 1
144 703 1
144 742 1
144 1564 1
145 561 1
145 974 1
145 1030 1
145 880 1
145 874 1
145 1365 1
145 1273 1
145 1057 1
145 649 1
145 591 1
145 559 1
145 556 1
145 558 1
145 1546 1
146 743 1
146 1448 1
146 1506 1
146 1507 1
146 1490 1
146 1447 1
146 1443 1
146 1491 1
146 1458 1
146 1498 1
146 1470 1
146 1451 1
146 1444 1
146 603 1
146 602 1
146 1535 1
147 705 1
147 1448 1
147 1441 1
147 1482 1
147 1453 1
147 1443 1
147 1446 1
147 1458 1
147 1508 1
147 1447 1
147 744 1
147 719 1
147 720 1
147 1549 1
148 528 1
148 1366 1
148 973 1
148 1367 1
148 974 1
148 880 1
148 1368 1
148 982 1
148 1025 1
148 1369 1
148 798 1
148 1370 1
148 978 1
148 980 1
148 1371 1
148 1026 1
148 986 1
148 1372 1
148 1459 1
148 1447 1
148 1442 1
148 1443 1
148 1458 1
148 1492 1
148 527 1
148 1555 1
149 705 1
149 1303 1
149 1373 1
149 1448 1
149 1458 1
149 1447 1
149 713 1
149 741 1
149 742 1
149 1561 1
150 664 1
150 1106 1
150 1359 1
150 1374 1
150 1375 1
150 1360 1
150 1361 1
150 1362 1
150 1363 1
150 1105 1
150 1278 1
150 1482 1
150 1441 1
150 1447 1
150 1448 1
150 1443 1
150 1446 1
150 1458 1
150 1456 1
150 1444 1
150 1442 1
150 1461 1
150 698 1
150 733 1
150 737 1
150 736 1
150 738 1
150 730 1
150 735 1
150 728 1
150 739 1
150 729 1
150 732 1
150 731 1
150 661 1
150 699 1
150 594 1
150 725 1
150 659 1
150 696 1
150 717 1
150 695 1
150 734 1
150 662 1
150 740 1
150 663 1
150 1548 1
151 561 1
151 1376 1
151 1080 1
151 1377 1
151 1378 1
151 1379 1
151 1057 1
151 1244 1
151 1441 1
151 1448 1
151 1457 1
151 1445 1
151 1504 1
151 1458 1
151 554 1
151 656 1
151 558 1
151 655 1
151 557 1
151 649 1
151 555 1
151 745 1
151 559 1
151 572 1
151 727 1
151 1568 1
152 617 1
152 1444 1
152 1447 1
152 584 1
152 606 1
152 608 1
152 607 1
152 615 1
152 609 1
152 613 1
152 614 1
152 686 1
152 616 1
152 611 1
152 612 1
152 605 1
152 610 1
152 693 1
152 1532 1
153 746 1
153 457 1
153 487 1
153 581 1
153 1555 1
154 747 1
154 1380 1
154 1381 1
154 799 1
154 801 1
154 1382 1
154 1383 1
154 806 1
154 805 1
154 1384 1
154 1448 1
154 1445 1
154 1509 1
154 1447 1
154 1568 1
155 748 1
155 1385 1
155 1386 1
155 1387 1
155 853 1
155 1388 1
155 1472 1
155 1443 1
155 1491 1
155 1448 1
155 1469 1
155 1445 1
155 1441 1
155 1453 1
155 1459 1
155 1456 1
155 1510 1
155 1482 1
155 1444 1
155 1460 1
155 1461 1
155 1511 1
155 1447 1
155 1512 1
155 1513 1
155 1514 1
155 1515 1
155 1516 1
155 1457 1
155 1462 1
155 1517 1
155 1518 1
155 1451 1
155 1519 1
155 1446 1
155 1520 1
155 1521 1
155 1541 1
156 749 1
156 1389 1
156 1390 1
156 1391 1
156 1538 1
157 750 1
157 551 1
157 1531 1
158 752 1
158 1448 1
158 1445 1
158 1492 1
158 1447 1
158 751 1
158 1549 1
159 753 1
159 1448 1
159 751 1
159 1548 1
160 705 1
160 1441 1
160 1447 1
160 744 1
160 1531 1
161 681 1
161 767 1
161 768 1
161 1392 1
161 1393 1
161 878 1
161 1394 1
161 798 1
161 995 1
161 1395 1
161 989 1
161 680 1
161 1556 1
162 754 1
162 1273 1
162 1396 1
162 1397 1
162 822 1
162 1398 1
162 1399 1
162 1400 1
162 1049 1
162 1454 1
162 560 1
162 1535 1
163 755 1
163 1401 1
163 1402 1
163 1239 1
163 1403 1
163 1472 1
163 1443 1
163 1445 1
163 1491 1
163 1469 1
163 1487 1
163 1482 1
163 1448 1
163 1447 1
163 1475 1
163 1453 1
163 1466 1
163 1442 1
163 1456 1
163 1441 1
163 1483 1
163 1522 1
163 1450 1
163 1486 1
163 1458 1
163 1474 1
163 1523 1
163 1504 1
163 1451 1
163 1457 1
163 1459 1
163 1508 1
163 1524 1
163 1473 1
163 1525 1
163 1444 1
163 357 1
163 1568 1
164 561 1
164 1376 1
164 1404 1
164 1405 1
164 1234 1
164 1081 1
164 1406 1
164 1241 1
164 1263 1
164 1407 1
164 1378 1
164 1057 1
164 1448 1
164 1441 1
164 1457 1
164 1445 1
164 1504 1
164 1458 1
164 554 1
164 556 1
164 644 1
164 655 1
164 559 1
164 558 1
164 555 1
164 649 1
164 745 1
164 1568 1
165 756 1
165 1448 1
165 679 1
165 1537 1
166 757 1
166 1408 1
166 1409 1
166 1410 1
166 1539 1
167 758 1
167 1411 1
167 1412 1
167 1413 1
167 1273 1
167 1414 1
167 1276 1
167 1415 1
167 1447 1
167 682 1
167 1544 1
168 561 1
168 1080 1
168 1057 1
168 1416 1
168 1417 1
168 1418 1
168 1234 1
168 1441 1
168 1445 1
168 1447 1
168 1458 1
168 649 1
168 591 1
168 559 1
168 644 1
168 555 1
168 759 1
168 1537 1
169 760 1
169 662 1
169 707 1
169 1562 1
170 402 1
170 1448 1
170 1451 1
170 1447 1
170 387 1
170 1558 1
171 761 1
171 1448 1
171 1441 1
171 1456 1
171 1447 1
171 697 1
171 1556 1
172 561 1
172 1057 1
172 1080 1
172 1419 1
172 1420 1
172 1206 1
172 1448 1
172 1457 1
172 1445 1
172 591 1
172 558 1
172 555 1
172 595 1
172 649 1
172 559 1
172 1554 1
173 754 1
173 1421 1
173 822 1
173 1422 1
173 1423 1
173 809 1
173 1498 1
173 1447 1
173 555 1
173 682 1
173 1569 1
174 678 1
174 1257 1
174 799 1
174 1424 1
174 802 1
174 1448 1
174 675 1
174 676 1
174 677 1
174 1563 1
175 762 1
175 1448 1
175 1454 1
175 1442 1
175 1447 1
175 601 1
175 1551 1
176 561 1
176 1294 1
176 1425 1
176 1426 1
176 1427 1
176 1428 1
176 1429 1
176 1430 1
176 1304 1
176 1431 1
176 1432 1
176 1433 1
176 1434 1
176 1445 1
176 1507 1
176 1469 1
176 1491 1
176 1448 1
176 1443 1
176 1456 1
176 1459 1
176 1447 1
176 1492 1
176 1442 1
176 1526 1
176 1472 1
176 1509 1
176 1460 1
176 1527 1
176 1457 1
176 591 1
176 644 1
176 1572 1
177 763 1
177 1448 1
177 1493 1
177 1442 1
177 524 1
177 1567 1
178 681 1
178 1254 1
178 767 1
178 768 1
178 1435 1
178 815 1
178 1436 1
178 1437 1
178 822 1
178 1438 1
178 1489 1
178 1469 1
178 1447 1
178 1442 1
178 1443 1
178 1491 1
178 680 1
178 1562 1
179 764 1
179 1448 1
179 1441 1
179 1477 1
179 1447 1
179 1470 1
179 1458 1
179 666 1
179 1573 1
180 765 1
180 1443 1
180 1528 1
180 1489 1
180 1487 1
180 1472 1
180 1442 1
180 1445 1
180 1500 1
180 1469 1
180 1457 1
180 1447 1
180 1504 1
180 562 1
180 1562 1
181 561 1
181 1057 1
181 1439 1
181 1139 1
181 1256 1
181 985 1
181 1440 1
181 1319 1
181 1080 1
181 1441 1
181 1445 1
181 1447 1
181 1443 1
181 1458 1
181 649 1
181 555 1
181 558 1
181 559 1
181 651 1
181 759 1
181 1536 1
182 561 1
182 1448 1
182 1441 1
182 1445 1
182 1447 1
182 1457 1
182 1458 1
182 712 1
182 644 1
182 592 1
182 591 1
182 594 1
182 726 1
182 1561 1
