2,198,,1445,1529,191,63 23 6 117 61 58
2,198,,1445,1529,192,21 10 20 117 61 58
2,198,,1445,1529,184,6 9 9 117 61 58
2,198,,1445,1529,193,5 3 5 117 61 58
2,198,,1445,1529,194,3 2 3 117 61 58
2,198,,1445,1529,195,2 4 4 117 61 58
2,198,,1445,1529,196,11 6 8 117 61 58
2,198,,1445,1529,197,6 4 3 117 61 58
3,238,767 773 774 775 776 777 778 779 780 781 782 783 784,1446,1531,199,6 4 6 1604 1062 766
3,238,767 773 774 775 776 777 778 779 780 781 782 783 784,1446,1531,200,19 10 9 1604 1062 766
3,238,767 773 774 775 776 777 778 779 780 781 782 783 784,1446,1531,201,5 1 5 1604 1062 766
3,238,767 773 774 775 776 777 778 779 780 781 782 783 784,1446,1531,202,8 2 8 1604 1062 766
3,238,767 773 774 775 776 777 778 779 780 781 782 783 784,1446,1531,203,7 2 6 1604 1062 766
3,238,767 773 774 775 776 777 778 779 780 781 782 783 784,1446,1531,204,5 4 4 1604 1062 766
3,238,767 773 774 775 776 777 778 779 780 781 782 783 784,1446,1531,205,9 4 5 1604 1062 766
3,238,767 773 774 775 776 777 778 779 780 781 782 783 784,1446,1531,206,13 3 9 1604 1062 766
3,238,767 773 774 775 776 777 778 779 780 781 782 783 784,1446,1531,207,4 1 4 1604 1062 766
3,238,767 773 774 775 776 777 778 779 780 781 782 783 784,1446,1531,208,266 248 126 1604 1062 766
3,238,767 773 774 775 776 777 778 779 780 781 782 783 784,1446,1531,209,6 1 6 1604 1062 766
3,238,767 773 774 775 776 777 778 779 780 781 782 783 784,1446,1531,210,14 7 7 1604 1062 766
3,238,767 773 774 775 776 777 778 779 780 781 782 783 784,1446,1531,211,11 6 5 1604 1062 766
3,238,767 773 774 775 776 777 778 779 780 781 782 783 784,1446,1531,212,19 3 9 1604 1062 766
3,238,767 773 774 775 776 777 778 779 780 781 782 783 784,1446,1531,213,7 1 7 1604 1062 766
3,238,767 773 774 775 776 777 778 779 780 781 782 783 784,1446,1531,214,4 0 4 1604 1062 766
3,238,767 773 774 775 776 777 778 779 780 781 782 783 784,1446,1531,215,6 2 6 1604 1062 766
3,238,767 773 774 775 776 777 778 779 780 781 782 783 784,1446,1531,216,13 6 12 1604 1062 766
3,238,767 773 774 775 776 777 778 779 780 781 782 783 784,1446,1531,217,4 3 4 1604 1062 766
3,238,767 773 774 775 776 777 778 779 780 781 782 783 784,1446,1531,218,24 6 25 1604 1062 766
3,238,767 773 774 775 776 777 778 779 780 781 782 783 784,1446,1531,219,5 1 4 1604 1062 766
3,238,767 773 774 775 776 777 778 779 780 781 782 783 784,1446,1531,220,9 3 9 1604 1062 766
3,238,767 773 774 775 776 777 778 779 780 781 782 783 784,1446,1531,221,841 515 331 1604 1062 766
3,238,767 773 774 775 776 777 778 779 780 781 782 783 784,1446,1531,222,10 0 4 1604 1062 766
3,238,767 773 774 775 776 777 778 779 780 781 782 783 784,1446,1531,223,4 1 4 1604 1062 766
3,238,767 773 774 775 776 777 778 779 780 781 782 783 784,1446,1531,224,4 1 4 1604 1062 766
3,238,767 773 774 775 776 777 778 779 780 781 782 783 784,1446,1531,225,6 2 5 1604 1062 766
3,238,767 773 774 775 776 777 778 779 780 781 782 783 784,1446,1531,226,5 2 5 1604 1062 766
3,238,767 773 774 775 776 777 778 779 780 781 782 783 784,1446,1531,227,8 3 6 1604 1062 766
3,238,767 773 774 775 776 777 778 779 780 781 782 783 784,1446,1531,228,12 6 9 1604 1062 766
3,238,767 773 774 775 776 777 778 779 780 781 782 783 784,1446,1531,229,5 1 5 1604 1062 766
3,238,767 773 774 775 776 777 778 779 780 781 782 783 784,1446,1531,230,7 1 7 1604 1062 766
3,238,767 773 774 775 776 777 778 779 780 781 782 783 784,1446,1531,231,8 4 7 1604 1062 766
3,238,767 773 774 775 776 777 778 779 780 781 782 783 784,1446,1531,232,147 156 45 1604 1062 766
3,238,767 773 774 775 776 777 778 779 780 781 782 783 784,1446,1531,233,5 0 5 1604 1062 766
3,238,767 773 774 775 776 777 778 779 780 781 782 783 784,1446,1531,234,6 0 5 1604 1062 766
3,238,767 773 774 775 776 777 778 779 780 781 782 783 784,1446,1531,235,44 48 15 1604 1062 766
3,238,767 773 774 775 776 777 778 779 780 781 782 783 784,1446,1531,236,5 0 5 1604 1062 766
3,238,767 773 774 775 776 777 778 779 780 781 782 783 784,1446,1531,237,23 4 24 1604 1062 766
4,242,785 786 767 787 788 789 790 791 768 792 793 794,,1531,239,8 1 3 49 37 11
4,242,785 786 767 787 788 789 790 791 768 792 793 794,,1531,240,2 1 2 49 37 11
4,242,785 786 767 787 788 789 790 791 768 792 793 794,,1531,232,35 35 2 49 37 11
4,242,785 786 767 787 788 789 790 791 768 792 793 794,,1531,241,4 0 4 49 37 11
5,245,,1447,1532,243,1 1 1 84 23 18
5,245,,1447,1532,244,83 22 17 84 23 18
6,258,767 768,,1531,246,2 0 2 209 136 82
6,258,767 768,,1531,247,10 1 2 209 136 82
6,258,767 768,,1531,248,2 1 2 209 136 82
6,258,767 768,,1531,249,1 1 1 209 136 82
6,258,767 768,,1531,250,2 0 2 209 136 82
6,258,767 768,,1531,251,2 0 2 209 136 82
6,258,767 768,,1531,252,76 74 27 209 136 82
6,258,767 768,,1531,253,57 7 30 209 136 82
6,258,767 768,,1531,254,2 1 2 209 136 82
6,258,767 768,,1531,255,2 1 2 209 136 82
6,258,767 768,,1531,256,2 1 2 209 136 82
6,258,767 768,,1531,232,49 49 6 209 136 82
6,258,767 768,,1531,257,2 0 2 209 136 82
8,268,799 800 801 802,1448 1447,1533,261,52 4 1 776 232 20
8,268,799 800 801 802,1448 1447,1533,262,4 0 1 776 232 20
8,268,799 800 801 802,1448 1447,1533,263,4 0 1 776 232 20
8,268,799 800 801 802,1448 1447,1533,264,164 138 4 776 232 20
8,268,799 800 801 802,1448 1447,1533,265,5 5 1 776 232 20
8,268,799 800 801 802,1448 1447,1533,266,57 75 6 776 232 20
8,268,799 800 801 802,1448 1447,1533,267,490 10 6 776 232 20
9,272,,,1531,232,25 25 1 2578 1890 173
9,272,,,1531,269,1 1 1 2578 1890 173
9,272,,,1531,270,337 296 15 2578 1890 173
9,272,,,1531,271,2215 1568 156 2578 1890 173
10,339,803 804 805 806 807 808,1449 1448 1447 1450 1451 1452 1453 1444 1454 1455 1456 1445 1441 1457 1458 1459 1460 1461,1534,273,9857 912 18 2993917 2132291 5479
10,339,803 804 805 806 807 808,1449 1448 1447 1450 1451 1452 1453 1444 1454 1455 1456 1445 1441 1457 1458 1459 1460 1461,1534,274,2616 297 12 2993917 2132291 5479
10,339,803 804 805 806 807 808,1449 1448 1447 1450 1451 1452 1453 1444 1454 1455 1456 1445 1441 1457 1458 1459 1460 1461,1534,275,1250 527 8 2993917 2132291 5479
10,339,803 804 805 806 807 808,1449 1448 1447 1450 1451 1452 1453 1444 1454 1455 1456 1445 1441 1457 1458 1459 1460 1461,1534,276,99763 53346 382 2993917 2132291 5479
10,339,803 804 805 806 807 808,1449 1448 1447 1450 1451 1452 1453 1444 1454 1455 1456 1445 1441 1457 1458 1459 1460 1461,1534,277,10133 8782 22 2993917 2132291 5479
10,339,803 804 805 806 807 808,1449 1448 1447 1450 1451 1452 1453 1444 1454 1455 1456 1445 1441 1457 1458 1459 1460 1461,1534,278,5107 1784 25 2993917 2132291 5479
10,339,803 804 805 806 807 808,1449 1448 1447 1450 1451 1452 1453 1444 1454 1455 1456 1445 1441 1457 1458 1459 1460 1461,1534,279,54348 40351 32 2993917 2132291 5479
10,339,803 804 805 806 807 808,1449 1448 1447 1450 1451 1452 1453 1444 1454 1455 1456 1445 1441 1457 1458 1459 1460 1461,1534,280,8208 5666 52 2993917 2132291 5479
10,339,803 804 805 806 807 808,1449 1448 1447 1450 1451 1452 1453 1444 1454 1455 1456 1445 1441 1457 1458 1459 1460 1461,1534,281,167 128 10 2993917 2132291 5479
10,339,803 804 805 806 807 808,1449 1448 1447 1450 1451 1452 1453 1444 1454 1455 1456 1445 1441 1457 1458 1459 1460 1461,1534,282,57063 37121 96 2993917 2132291 5479
10,339,803 804 805 806 807 808,1449 1448 1447 1450 1451 1452 1453 1444 1454 1455 1456 1445 1441 1457 1458 1459 1460 1461,1534,283,4967 1767 10 2993917 2132291 5479
10,339,803 804 805 806 807 808,1449 1448 1447 1450 1451 1452 1453 1444 1454 1455 1456 1445 1441 1457 1458 1459 1460 1461,1534,284,1583507 1230688 2049 2993917 2132291 5479
10,339,803 804 805 806 807 808,1449 1448 1447 1450 1451 1452 1453 1444 1454 1455 1456 1445 1441 1457 1458 1459 1460 1461,1534,285,1848 940 6 2993917 2132291 5479
10,339,803 804 805 806 807 808,1449 1448 1447 1450 1451 1452 1453 1444 1454 1455 1456 1445 1441 1457 1458 1459 1460 1461,1534,286,5790 679 11 2993917 2132291 5479
10,339,803 804 805 806 807 808,1449 1448 1447 1450 1451 1452 1453 1444 1454 1455 1456 1445 1441 1457 1458 1459 1460 1461,1534,287,33888 19220 46 2993917 2132291 5479
10,339,803 804 805 806 807 808,1449 1448 1447 1450 1451 1452 1453 1444 1454 1455 1456 1445 1441 1457 1458 1459 1460 1461,1534,288,4470 1424 10 2993917 2132291 5479
10,339,803 804 805 806 807 808,1449 1448 1447 1450 1451 1452 1453 1444 1454 1455 1456 1445 1441 1457 1458 1459 1460 1461,1534,289,4565 1095 8 2993917 2132291 5479
10,339,803 804 805 806 807 808,1449 1448 1447 1450 1451 1452 1453 1444 1454 1455 1456 1445 1441 1457 1458 1459 1460 1461,1534,290,1120 686 21 2993917 2132291 5479
10,339,803 804 805 806 807 808,1449 1448 1447 1450 1451 1452 1453 1444 1454 1455 1456 1445 1441 1457 1458 1459 1460 1461,1534,291,106664 5093 14 2993917 2132291 5479
10,339,803 804 805 806 807 808,1449 1448 1447 1450 1451 1452 1453 1444 1454 1455 1456 1445 1441 1457 1458 1459 1460 1461,1534,292,1305 1078 17 2993917 2132291 5479
10,339,803 804 805 806 807 808,1449 1448 1447 1450 1451 1452 1453 1444 1454 1455 1456 1445 1441 1457 1458 1459 1460 1461,1534,293,51469 41935 97 2993917 2132291 5479
10,339,803 804 805 806 807 808,1449 1448 1447 1450 1451 1452 1453 1444 1454 1455 1456 1445 1441 1457 1458 1459 1460 1461,1534,294,9389 3792 58 2993917 2132291 5479
10,339,803 804 805 806 807 808,1449 1448 1447 1450 1451 1452 1453 1444 1454 1455 1456 1445 1441 1457 1458 1459 1460 1461,1534,295,50 39 10 2993917 2132291 5479
10,339,803 804 805 806 807 808,1449 1448 1447 1450 1451 1452 1453 1444 1454 1455 1456 1445 1441 1457 1458 1459 1460 1461,1534,296,10658 5937 27 2993917 2132291 5479
10,339,803 804 805 806 807 808,1449 1448 1447 1450 1451 1452 1453 1444 1454 1455 1456 1445 1441 1457 1458 1459 1460 1461,1534,297,322 101 34 2993917 2132291 5479
10,339,803 804 805 806 807 808,1449 1448 1447 1450 1451 1452 1453 1444 1454 1455 1456 1445 1441 1457 1458 1459 1460 1461,1534,298,35154 29425 37 2993917 2132291 5479
10,339,803 804 805 806 807 808,1449 1448 1447 1450 1451 1452 1453 1444 1454 1455 1456 1445 1441 1457 1458 1459 1460 1461,1534,299,5470 1907 14 2993917 2132291 5479
10,339,803 804 805 806 807 808,1449 1448 1447 1450 1451 1452 1453 1444 1454 1455 1456 1445 1441 1457 1458 1459 1460 1461,1534,300,121 121 11 2993917 2132291 5479
10,339,803 804 805 806 807 808,1449 1448 1447 1450 1451 1452 1453 1444 1454 1455 1456 1445 1441 1457 1458 1459 1460 1461,1534,301,1389 615 8 2993917 2132291 5479
10,339,803 804 805 806 807 808,1449 1448 1447 1450 1451 1452 1453 1444 1454 1455 1456 1445 1441 1457 1458 1459 1460 1461,1534,302,12902 7598 42 2993917 2132291 5479
10,339,803 804 805 806 807 808,1449 1448 1447 1450 1451 1452 1453 1444 1454 1455 1456 1445 1441 1457 1458 1459 1460 1461,1534,303,63635 57288 28 2993917 2132291 5479
10,339,803 804 805 806 807 808,1449 1448 1447 1450 1451 1452 1453 1444 1454 1455 1456 1445 1441 1457 1458 1459 1460 1461,1534,304,11033 10083 49 2993917 2132291 5479
10,339,803 804 805 806 807 808,1449 1448 1447 1450 1451 1452 1453 1444 1454 1455 1456 1445 1441 1457 1458 1459 1460 1461,1534,305,5178 1459 23 2993917 2132291 5479
10,339,803 804 805 806 807 808,1449 1448 1447 1450 1451 1452 1453 1444 1454 1455 1456 1445 1441 1457 1458 1459 1460 1461,1534,306,492 428 10 2993917 2132291 5479
10,339,803 804 805 806 807 808,1449 1448 1447 1450 1451 1452 1453 1444 1454 1455 1456 1445 1441 1457 1458 1459 1460 1461,1534,307,7575 3191 14 2993917 2132291 5479
10,339,803 804 805 806 807 808,1449 1448 1447 1450 1451 1452 1453 1444 1454 1455 1456 1445 1441 1457 1458 1459 1460 1461,1534,308,25301 9806 102 2993917 2132291 5479
10,339,803 804 805 806 807 808,1449 1448 1447 1450 1451 1452 1453 1444 1454 1455 1456 1445 1441 1457 1458 1459 1460 1461,1534,309,55005 33782 16 2993917 2132291 5479
10,339,803 804 805 806 807 808,1449 1448 1447 1450 1451 1452 1453 1444 1454 1455 1456 1445 1441 1457 1458 1459 1460 1461,1534,310,3497 1386 12 2993917 2132291 5479
10,339,803 804 805 806 807 808,1449 1448 1447 1450 1451 1452 1453 1444 1454 1455 1456 1445 1441 1457 1458 1459 1460 1461,1534,311,23809 12939 47 2993917 2132291 5479
10,339,803 804 805 806 807 808,1449 1448 1447 1450 1451 1452 1453 1444 1454 1455 1456 1445 1441 1457 1458 1459 1460 1461,1534,312,39656 5206 34 2993917 2132291 5479
10,339,803 804 805 806 807 808,1449 1448 1447 1450 1451 1452 1453 1444 1454 1455 1456 1445 1441 1457 1458 1459 1460 1461,1534,313,2820 51 15 2993917 2132291 5479
10,339,803 804 805 806 807 808,1449 1448 1447 1450 1451 1452 1453 1444 1454 1455 1456 1445 1441 1457 1458 1459 1460 1461,1534,314,9523 7077 7 2993917 2132291 5479
10,339,803 804 805 806 807 808,1449 1448 1447 1450 1451 1452 1453 1444 1454 1455 1456 1445 1441 1457 1458 1459 1460 1461,1534,315,37577 4513 17 2993917 2132291 5479
10,339,803 804 805 806 807 808,1449 1448 1447 1450 1451 1452 1453 1444 1454 1455 1456 1445 1441 1457 1458 1459 1460 1461,1534,316,6627 2973 29 2993917 2132291 5479
10,339,803 804 805 806 807 808,1449 1448 1447 1450 1451 1452 1453 1444 1454 1455 1456 1445 1441 1457 1458 1459 1460 1461,1534,317,5029 1056 17 2993917 2132291 5479
10,339,803 804 805 806 807 808,1449 1448 1447 1450 1451 1452 1453 1444 1454 1455 1456 1445 1441 1457 1458 1459 1460 1461,1534,318,472 1066 18 2993917 2132291 5479
10,339,803 804 805 806 807 808,1449 1448 1447 1450 1451 1452 1453 1444 1454 1455 1456 1445 1441 1457 1458 1459 1460 1461,1534,319,2151 1281 15 2993917 2132291 5479
10,339,803 804 805 806 807 808,1449 1448 1447 1450 1451 1452 1453 1444 1454 1455 1456 1445 1441 1457 1458 1459 1460 1461,1534,320,4559 329 13 2993917 2132291 5479
10,339,803 804 805 806 807 808,1449 1448 1447 1450 1451 1452 1453 1444 1454 1455 1456 1445 1441 1457 1458 1459 1460 1461,1534,321,20551 19548 11 2993917 2132291 5479
10,339,803 804 805 806 807 808,1449 1448 1447 1450 1451 1452 1453 1444 1454 1455 1456 1445 1441 1457 1458 1459 1460 1461,1534,322,10100 5673 19 2993917 2132291 5479
10,339,803 804 805 806 807 808,1449 1448 1447 1450 1451 1452 1453 1444 1454 1455 1456 1445 1441 1457 1458 1459 1460 1461,1534,323,6413 1226 18 2993917 2132291 5479
10,339,803 804 805 806 807 808,1449 1448 1447 1450 1451 1452 1453 1444 1454 1455 1456 1445 1441 1457 1458 1459 1460 1461,1534,324,4897 1291 10 2993917 2132291 5479
10,339,803 804 805 806 807 808,1449 1448 1447 1450 1451 1452 1453 1444 1454 1455 1456 1445 1441 1457 1458 1459 1460 1461,1534,325,279 277 5 2993917 2132291 5479
10,339,803 804 805 806 807 808,1449 1448 1447 1450 1451 1452 1453 1444 1454 1455 1456 1445 1441 1457 1458 1459 1460 1461,1534,326,797 411 16 2993917 2132291 5479
10,339,803 804 805 806 807 808,1449 1448 1447 1450 1451 1452 1453 1444 1454 1455 1456 1445 1441 1457 1458 1459 1460 1461,1534,327,3527 357 28 2993917 2132291 5479
10,339,803 804 805 806 807 808,1449 1448 1447 1450 1451 1452 1453 1444 1454 1455 1456 1445 1441 1457 1458 1459 1460 1461,1534,328,2170 1067 11 2993917 2132291 5479
10,339,803 804 805 806 807 808,1449 1448 1447 1450 1451 1452 1453 1444 1454 1455 1456 1445 1441 1457 1458 1459 1460 1461,1534,329,162 527 6 2993917 2132291 5479
10,339,803 804 805 806 807 808,1449 1448 1447 1450 1451 1452 1453 1444 1454 1455 1456 1445 1441 1457 1458 1459 1460 1461,1534,330,12480 8968 91 2993917 2132291 5479
10,339,803 804 805 806 807 808,1449 1448 1447 1450 1451 1452 1453 1444 1454 1455 1456 1445 1441 1457 1458 1459 1460 1461,1534,331,3759 3277 21 2993917 2132291 5479
10,339,803 804 805 806 807 808,1449 1448 1447 1450 1451 1452 1453 1444 1454 1455 1456 1445 1441 1457 1458 1459 1460 1461,1534,332,3415 2170 28 2993917 2132291 5479
10,339,803 804 805 806 807 808,1449 1448 1447 1450 1451 1452 1453 1444 1454 1455 1456 1445 1441 1457 1458 1459 1460 1461,1534,333,409729 362282 1307 2993917 2132291 5479
10,339,803 804 805 806 807 808,1449 1448 1447 1450 1451 1452 1453 1444 1454 1455 1456 1445 1441 1457 1458 1459 1460 1461,1534,334,4762 1721 22 2993917 2132291 5479
10,339,803 804 805 806 807 808,1449 1448 1447 1450 1451 1452 1453 1444 1454 1455 1456 1445 1441 1457 1458 1459 1460 1461,1534,335,2326 1745 26 2993917 2132291 5479
10,339,803 804 805 806 807 808,1449 1448 1447 1450 1451 1452 1453 1444 1454 1455 1456 1445 1441 1457 1458 1459 1460 1461,1534,336,17573 6928 11 2993917 2132291 5479
10,339,803 804 805 806 807 808,1449 1448 1447 1450 1451 1452 1453 1444 1454 1455 1456 1445 1441 1457 1458 1459 1460 1461,1534,337,63048 57581 179 2993917 2132291 5479
10,339,803 804 805 806 807 808,1449 1448 1447 1450 1451 1452 1453 1444 1454 1455 1456 1445 1441 1457 1458 1459 1460 1461,1534,338,430 274 17 2993917 2132291 5479
11,353,767 809 810 811 812 813 814 815 816 768 817 818 819 820 821,,1535,184,0 4 2 340 256 88
11,353,767 809 810 811 812 813 814 815 816 768 817 818 819 820 821,,1535,340,1 0 1 340 256 88
11,353,767 809 810 811 812 813 814 815 816 768 817 818 819 820 821,,1535,341,3 1 3 340 256 88
11,353,767 809 810 811 812 813 814 815 816 768 817 818 819 820 821,,1535,249,1 0 1 340 256 88
11,353,767 809 810 811 812 813 814 815 816 768 817 818 819 820 821,,1535,342,1 0 1 340 256 88
11,353,767 809 810 811 812 813 814 815 816 768 817 818 819 820 821,,1535,343,1 0 1 340 256 88
11,353,767 809 810 811 812 813 814 815 816 768 817 818 819 820 821,,1535,344,5 0 2 340 256 88
11,353,767 809 810 811 812 813 814 815 816 768 817 818 819 820 821,,1535,185,1 0 1 340 256 88
11,353,767 809 810 811 812 813 814 815 816 768 817 818 819 820 821,,1535,192,1 0 1 340 256 88
11,353,767 809 810 811 812 813 814 815 816 768 817 818 819 820 821,,1535,196,6 4 4 340 256 88
11,353,767 809 810 811 812 813 814 815 816 768 817 818 819 820 821,,1535,345,102 46 52 340 256 88
11,353,767 809 810 811 812 813 814 815 816 768 817 818 819 820 821,,1535,346,1 0 1 340 256 88
11,353,767 809 810 811 812 813 814 815 816 768 817 818 819 820 821,,1535,347,1 0 1 340 256 88
11,353,767 809 810 811 812 813 814 815 816 768 817 818 819 820 821,,1535,348,12 1 8 340 256 88
11,353,767 809 810 811 812 813 814 815 816 768 817 818 819 820 821,,1535,349,2 1 2 340 256 88
11,353,767 809 810 811 812 813 814 815 816 768 817 818 819 820 821,,1535,232,198 198 4 340 256 88
11,353,767 809 810 811 812 813 814 815 816 768 817 818 819 820 821,,1535,350,2 0 1 340 256 88
11,353,767 809 810 811 812 813 814 815 816 768 817 818 819 820 821,,1535,351,1 1 1 340 256 88
11,353,767 809 810 811 812 813 814 815 816 768 817 818 819 820 821,,1535,352,1 0 1 340 256 88
13,360,839 840 841 842 843,,1536,359,68 68 2 68 68 2
14,361,806 844 845 846 847 848 849 850 808 851 805 852 853,1448 1441 1450 1447 1456 1462 1444 1452 1463 1457 1461 1458 1445 1454 1464 1465 1466 1467,1537,273,9857 912 18 5722429 4856683 8083
14,361,806 844 845 846 847 848 849 850 808 851 805 852 853,1448 1441 1450 1447 1456 1462 1444 1452 1463 1457 1461 1458 1445 1454 1464 1465 1466 1467,1537,298,35154 29425 37 5722429 4856683 8083
14,361,806 844 845 846 847 848 849 850 808 851 805 852 853,1448 1441 1450 1447 1456 1462 1444 1452 1463 1457 1461 1458 1445 1454 1464 1465 1466 1467,1537,285,8095 4163 17 5722429 4856683 8083
14,361,806 844 845 846 847 848 849 850 808 851 805 852 853,1448 1441 1450 1447 1456 1462 1444 1452 1463 1457 1461 1458 1445 1454 1464 1465 1466 1467,1537,274,2616 297 12 5722429 4856683 8083
14,361,806 844 845 846 847 848 849 850 808 851 805 852 853,1448 1441 1450 1447 1456 1462 1444 1452 1463 1457 1461 1458 1445 1454 1464 1465 1466 1467,1537,264,485 219 24 5722429 4856683 8083
14,361,806 844 845 846 847 848 849 850 808 851 805 852 853,1448 1441 1450 1447 1456 1462 1444 1452 1463 1457 1461 1458 1445 1454 1464 1465 1466 1467,1537,336,17573 6935 12 5722429 4856683 8083
14,361,806 844 845 846 847 848 849 850 808 851 805 852 853,1448 1441 1450 1447 1456 1462 1444 1452 1463 1457 1461 1458 1445 1454 1464 1465 1466 1467,1537,279,54348 40351 32 5722429 4856683 8083
14,361,806 844 845 846 847 848 849 850 808 851 805 852 853,1448 1441 1450 1447 1456 1462 1444 1452 1463 1457 1461 1458 1445 1454 1464 1465 1466 1467,1537,281,203 165 14 5722429 4856683 8083
14,361,806 844 845 846 847 848 849 850 808 851 805 852 853,1448 1441 1450 1447 1456 1462 1444 1452 1463 1457 1461 1458 1445 1454 1464 1465 1466 1467,1537,282,109562 46593 125 5722429 4856683 8083
14,361,806 844 845 846 847 848 849 850 808 851 805 852 853,1448 1441 1450 1447 1456 1462 1444 1452 1463 1457 1461 1458 1445 1454 1464 1465 1466 1467,1537,283,4179 1349 11 5722429 4856683 8083
14,361,806 844 845 846 847 848 849 850 808 851 805 852 853,1448 1441 1450 1447 1456 1462 1444 1452 1463 1457 1461 1458 1445 1454 1464 1465 1466 1467,1537,332,3415 2170 28 5722429 4856683 8083
14,361,806 844 845 846 847 848 849 850 808 851 805 852 853,1448 1441 1450 1447 1456 1462 1444 1452 1463 1457 1461 1458 1445 1454 1464 1465 1466 1467,1537,277,10133 8782 22 5722429 4856683 8083
14,361,806 844 845 846 847 848 849 850 808 851 805 852 853,1448 1441 1450 1447 1456 1462 1444 1452 1463 1457 1461 1458 1445 1454 1464 1465 1466 1467,1537,326,797 411 16 5722429 4856683 8083
14,361,806 844 845 846 847 848 849 850 808 851 805 852 853,1448 1441 1450 1447 1456 1462 1444 1452 1463 1457 1461 1458 1445 1454 1464 1465 1466 1467,1537,289,4904 1308 12 5722429 4856683 8083
14,361,806 844 845 846 847 848 849 850 808 851 805 852 853,1448 1441 1450 1447 1456 1462 1444 1452 1463 1457 1461 1458 1445 1454 1464 1465 1466 1467,1537,276,99763 53346 382 5722429 4856683 8083
14,361,806 844 845 846 847 848 849 850 808 851 805 852 853,1448 1441 1450 1447 1456 1462 1444 1452 1463 1457 1461 1458 1445 1454 1464 1465 1466 1467,1537,296,197203 157206 175 5722429 4856683 8083
14,361,806 844 845 846 847 848 849 850 808 851 805 852 853,1448 1441 1450 1447 1456 1462 1444 1452 1463 1457 1461 1458 1445 1454 1464 1465 1466 1467,1537,278,5107 1784 25 5722429 4856683 8083
14,361,806 844 845 846 847 848 849 850 808 851 805 852 853,1448 1441 1450 1447 1456 1462 1444 1452 1463 1457 1461 1458 1445 1454 1464 1465 1466 1467,1537,291,106664 5093 14 5722429 4856683 8083
14,361,806 844 845 846 847 848 849 850 808 851 805 852 853,1448 1441 1450 1447 1456 1462 1444 1452 1463 1457 1461 1458 1445 1454 1464 1465 1466 1467,1537,292,1305 1078 17 5722429 4856683 8083
14,361,806 844 845 846 847 848 849 850 808 851 805 852 853,1448 1441 1450 1447 1456 1462 1444 1452 1463 1457 1461 1458 1445 1454 1464 1465 1466 1467,1537,293,281990 137435 330 5722429 4856683 8083
14,361,806 844 845 846 847 848 849 850 808 851 805 852 853,1448 1441 1450 1447 1456 1462 1444 1452 1463 1457 1461 1458 1445 1454 1464 1465 1466 1467,1537,294,9389 3792 58 5722429 4856683 8083
14,361,806 844 845 846 847 848 849 850 808 851 805 852 853,1448 1441 1450 1447 1456 1462 1444 1452 1463 1457 1461 1458 1445 1454 1464 1465 1466 1467,1537,295,50 39 10 5722429 4856683 8083
14,361,806 844 845 846 847 848 849 850 808 851 805 852 853,1448 1441 1450 1447 1456 1462 1444 1452 1463 1457 1461 1458 1445 1454 1464 1465 1466 1467,1537,284,3665545 3550592 3966 5722429 4856683 8083
14,361,806 844 845 846 847 848 849 850 808 851 805 852 853,1448 1441 1450 1447 1456 1462 1444 1452 1463 1457 1461 1458 1445 1454 1464 1465 1466 1467,1537,297,322 101 34 5722429 4856683 8083
14,361,806 844 845 846 847 848 849 850 808 851 805 852 853,1448 1441 1450 1447 1456 1462 1444 1452 1463 1457 1461 1458 1445 1454 1464 1465 1466 1467,1537,299,5470 1907 14 5722429 4856683 8083
14,361,806 844 845 846 847 848 849 850 808 851 805 852 853,1448 1441 1450 1447 1456 1462 1444 1452 1463 1457 1461 1458 1445 1454 1464 1465 1466 1467,1537,300,121 121 11 5722429 4856683 8083
14,361,806 844 845 846 847 848 849 850 808 851 805 852 853,1448 1441 1450 1447 1456 1462 1444 1452 1463 1457 1461 1458 1445 1454 1464 1465 1466 1467,1537,303,63433 57273 25 5722429 4856683 8083
14,361,806 844 845 846 847 848 849 850 808 851 805 852 853,1448 1441 1450 1447 1456 1462 1444 1452 1463 1457 1461 1458 1445 1454 1464 1465 1466 1467,1537,306,492 428 10 5722429 4856683 8083
14,361,806 844 845 846 847 848 849 850 808 851 805 852 853,1448 1441 1450 1447 1456 1462 1444 1452 1463 1457 1461 1458 1445 1454 1464 1465 1466 1467,1537,302,12902 7598 42 5722429 4856683 8083
14,361,806 844 845 846 847 848 849 850 808 851 805 852 853,1448 1441 1450 1447 1456 1462 1444 1452 1463 1457 1461 1458 1445 1454 1464 1465 1466 1467,1537,304,11033 10083 49 5722429 4856683 8083
14,361,806 844 845 846 847 848 849 850 808 851 805 852 853,1448 1441 1450 1447 1456 1462 1444 1452 1463 1457 1461 1458 1445 1454 1464 1465 1466 1467,1537,305,5178 1459 23 5722429 4856683 8083
14,361,806 844 845 846 847 848 849 850 808 851 805 852 853,1448 1441 1450 1447 1456 1462 1444 1452 1463 1457 1461 1458 1445 1454 1464 1465 1466 1467,1537,307,7575 3191 14 5722429 4856683 8083
14,361,806 844 845 846 847 848 849 850 808 851 805 852 853,1448 1441 1450 1447 1456 1462 1444 1452 1463 1457 1461 1458 1445 1454 1464 1465 1466 1467,1537,318,472 1066 18 5722429 4856683 8083
14,361,806 844 845 846 847 848 849 850 808 851 805 852 853,1448 1441 1450 1447 1456 1462 1444 1452 1463 1457 1461 1458 1445 1454 1464 1465 1466 1467,1537,309,93079 74891 37 5722429 4856683 8083
14,361,806 844 845 846 847 848 849 850 808 851 805 852 853,1448 1441 1450 1447 1456 1462 1444 1452 1463 1457 1461 1458 1445 1454 1464 1465 1466 1467,1537,310,3497 1386 12 5722429 4856683 8083
14,361,806 844 845 846 847 848 849 850 808 851 805 852 853,1448 1441 1450 1447 1456 1462 1444 1452 1463 1457 1461 1458 1445 1454 1464 1465 1466 1467,1537,311,23809 12939 47 5722429 4856683 8083
14,361,806 844 845 846 847 848 849 850 808 851 805 852 853,1448 1441 1450 1447 1456 1462 1444 1452 1463 1457 1461 1458 1445 1454 1464 1465 1466 1467,1537,312,65114 26222 49 5722429 4856683 8083
14,361,806 844 845 846 847 848 849 850 808 851 805 852 853,1448 1441 1450 1447 1456 1462 1444 1452 1463 1457 1461 1458 1445 1454 1464 1465 1466 1467,1537,313,2820 51 15 5722429 4856683 8083
14,361,806 844 845 846 847 848 849 850 808 851 805 852 853,1448 1441 1450 1447 1456 1462 1444 1452 1463 1457 1461 1458 1445 1454 1464 1465 1466 1467,1537,287,33888 19220 46 5722429 4856683 8083
14,361,806 844 845 846 847 848 849 850 808 851 805 852 853,1448 1441 1450 1447 1456 1462 1444 1452 1463 1457 1461 1458 1445 1454 1464 1465 1466 1467,1537,314,34584 26302 32 5722429 4856683 8083
14,361,806 844 845 846 847 848 849 850 808 851 805 852 853,1448 1441 1450 1447 1456 1462 1444 1452 1463 1457 1461 1458 1445 1454 1464 1465 1466 1467,1537,290,1120 686 21 5722429 4856683 8083
14,361,806 844 845 846 847 848 849 850 808 851 805 852 853,1448 1441 1450 1447 1456 1462 1444 1452 1463 1457 1461 1458 1445 1454 1464 1465 1466 1467,1537,315,56778 4520 19 5722429 4856683 8083
14,361,806 844 845 846 847 848 849 850 808 851 805 852 853,1448 1441 1450 1447 1456 1462 1444 1452 1463 1457 1461 1458 1445 1454 1464 1465 1466 1467,1537,308,25301 9806 102 5722429 4856683 8083
14,361,806 844 845 846 847 848 849 850 808 851 805 852 853,1448 1441 1450 1447 1456 1462 1444 1452 1463 1457 1461 1458 1445 1454 1464 1465 1466 1467,1537,316,6627 2973 29 5722429 4856683 8083
14,361,806 844 845 846 847 848 849 850 808 851 805 852 853,1448 1441 1450 1447 1456 1462 1444 1452 1463 1457 1461 1458 1445 1454 1464 1465 1466 1467,1537,317,5029 1056 17 5722429 4856683 8083
14,361,806 844 845 846 847 848 849 850 808 851 805 852 853,1448 1441 1450 1447 1456 1462 1444 1452 1463 1457 1461 1458 1445 1454 1464 1465 1466 1467,1537,280,8208 5666 52 5722429 4856683 8083
14,361,806 844 845 846 847 848 849 850 808 851 805 852 853,1448 1441 1450 1447 1456 1462 1444 1452 1463 1457 1461 1458 1445 1454 1464 1465 1466 1467,1537,319,2151 1281 15 5722429 4856683 8083
14,361,806 844 845 846 847 848 849 850 808 851 805 852 853,1448 1441 1450 1447 1456 1462 1444 1452 1463 1457 1461 1458 1445 1454 1464 1465 1466 1467,1537,320,4940 620 18 5722429 4856683 8083
14,361,806 844 845 846 847 848 849 850 808 851 805 852 853,1448 1441 1450 1447 1456 1462 1444 1452 1463 1457 1461 1458 1445 1454 1464 1465 1466 1467,1537,321,20551 19548 11 5722429 4856683 8083
14,361,806 844 845 846 847 848 849 850 808 851 805 852 853,1448 1441 1450 1447 1456 1462 1444 1452 1463 1457 1461 1458 1445 1454 1464 1465 1466 1467,1537,301,3079 22825 35 5722429 4856683 8083
14,361,806 844 845 846 847 848 849 850 808 851 805 852 853,1448 1441 1450 1447 1456 1462 1444 1452 1463 1457 1461 1458 1445 1454 1464 1465 1466 1467,1537,322,10100 5673 19 5722429 4856683 8083
14,361,806 844 845 846 847 848 849 850 808 851 805 852 853,1448 1441 1450 1447 1456 1462 1444 1452 1463 1457 1461 1458 1445 1454 1464 1465 1466 1467,1537,286,5811 684 12 5722429 4856683 8083
14,361,806 844 845 846 847 848 849 850 808 851 805 852 853,1448 1441 1450 1447 1456 1462 1444 1452 1463 1457 1461 1458 1445 1454 1464 1465 1466 1467,1537,323,6413 1226 18 5722429 4856683 8083
14,361,806 844 845 846 847 848 849 850 808 851 805 852 853,1448 1441 1450 1447 1456 1462 1444 1452 1463 1457 1461 1458 1445 1454 1464 1465 1466 1467,1537,324,4897 1291 10 5722429 4856683 8083
14,361,806 844 845 846 847 848 849 850 808 851 805 852 853,1448 1441 1450 1447 1456 1462 1444 1452 1463 1457 1461 1458 1445 1454 1464 1465 1466 1467,1537,325,4217 2568 10 5722429 4856683 8083
14,361,806 844 845 846 847 848 849 850 808 851 805 852 853,1448 1441 1450 1447 1456 1462 1444 1452 1463 1457 1461 1458 1445 1454 1464 1465 1466 1467,1537,288,7412 2142 20 5722429 4856683 8083
14,361,806 844 845 846 847 848 849 850 808 851 805 852 853,1448 1441 1450 1447 1456 1462 1444 1452 1463 1457 1461 1458 1445 1454 1464 1465 1466 1467,1537,327,3665 495 29 5722429 4856683 8083
14,361,806 844 845 846 847 848 849 850 808 851 805 852 853,1448 1441 1450 1447 1456 1462 1444 1452 1463 1457 1461 1458 1445 1454 1464 1465 1466 1467,1537,329,8208 9637 29 5722429 4856683 8083
14,361,806 844 845 846 847 848 849 850 808 851 805 852 853,1448 1441 1450 1447 1456 1462 1444 1452 1463 1457 1461 1458 1445 1454 1464 1465 1466 1467,1537,330,12480 8968 91 5722429 4856683 8083
14,361,806 844 845 846 847 848 849 850 808 851 805 852 853,1448 1441 1450 1447 1456 1462 1444 1452 1463 1457 1461 1458 1445 1454 1464 1465 1466 1467,1537,331,3759 3277 21 5722429 4856683 8083
14,361,806 844 845 846 847 848 849 850 808 851 805 852 853,1448 1441 1450 1447 1456 1462 1444 1452 1463 1457 1461 1458 1445 1454 1464 1465 1466 1467,1537,328,39048 25250 103 5722429 4856683 8083
14,361,806 844 845 846 847 848 849 850 808 851 805 852 853,1448 1441 1450 1447 1456 1462 1444 1452 1463 1457 1461 1458 1445 1454 1464 1465 1466 1467,1537,333,409565 362247 1303 5722429 4856683 8083
14,361,806 844 845 846 847 848 849 850 808 851 805 852 853,1448 1441 1450 1447 1456 1462 1444 1452 1463 1457 1461 1458 1445 1454 1464 1465 1466 1467,1537,334,13835 6502 28 5722429 4856683 8083
14,361,806 844 845 846 847 848 849 850 808 851 805 852 853,1448 1441 1450 1447 1456 1462 1444 1452 1463 1457 1461 1458 1445 1454 1464 1465 1466 1467,1537,240,1235 389 13 5722429 4856683 8083
14,361,806 844 845 846 847 848 849 850 808 851 805 852 853,1448 1441 1450 1447 1456 1462 1444 1452 1463 1457 1461 1458 1445 1454 1464 1465 1466 1467,1537,335,2396 1815 27 5722429 4856683 8083
14,361,806 844 845 846 847 848 849 850 808 851 805 852 853,1448 1441 1450 1447 1456 1462 1444 1452 1463 1457 1461 1458 1445 1454 1464 1465 1466 1467,1537,337,63048 57581 179 5722429 4856683 8083
14,361,806 844 845 846 847 848 849 850 808 851 805 852 853,1448 1441 1450 1447 1456 1462 1444 1452 1463 1457 1461 1458 1445 1454 1464 1465 1466 1467,1537,338,430 274 17 5722429 4856683 8083
16,376,767 794 793 768 858,,1539,195,0 1 1 2316 836 772
16,376,767 794 793 768 858,,1539,363,2 1 1 2316 836 772
16,376,767 794 793 768 858,,1539,364,1 0 1 2316 836 772
16,376,767 794 793 768 858,,1539,365,1 0 1 2316 836 772
16,376,767 794 793 768 858,,1539,184,1 4 3 2316 836 772
16,376,767 794 793 768 858,,1539,366,1 0 1 2316 836 772
16,376,767 794 793 768 858,,1539,367,6 3 5 2316 836 772
16,376,767 794 793 768 858,,1539,368,1 0 1 2316 836 772
16,376,767 794 793 768 858,,1539,352,9 2 5 2316 836 772
16,376,767 794 793 768 858,,1539,239,1 2 2 2316 836 772
16,376,767 794 793 768 858,,1539,369,1 0 1 2316 836 772
16,376,767 794 793 768 858,,1539,370,1 0 1 2316 836 772
16,376,767 794 793 768 858,,1539,371,2 1 2 2316 836 772
16,376,767 794 793 768 858,,1539,372,2 1 1 2316 836 772
16,376,767 794 793 768 858,,1539,354,1 0 1 2316 836 772
16,376,767 794 793 768 858,,1539,373,1 0 1 2316 836 772
16,376,767 794 793 768 858,,1539,187,2205 750 731 2316 836 772
16,376,767 794 793 768 858,,1539,348,6 0 6 2316 836 772
16,376,767 794 793 768 858,,1539,253,1 0 1 2316 836 772
16,376,767 794 793 768 858,,1539,374,1 0 1 2316 836 772
16,376,767 794 793 768 858,,1539,232,70 71 3 2316 836 772
16,376,767 794 793 768 858,,1539,375,1 0 1 2316 836 772
16,376,767 794 793 768 858,,1539,200,1 0 1 2316 836 772
17,378,859 814 860,,1540,340,1 0 1 354 98 71
17,378,859 814 860,,1540,377,1 1 1 354 98 71
17,378,859 814 860,,1540,367,340 89 59 354 98 71
17,378,859 814 860,,1540,248,1 0 1 354 98 71
17,378,859 814 860,,1540,341,1 0 1 354 98 71
17,378,859 814 860,,1540,194,2 1 2 354 98 71
17,378,859 814 860,,1540,232,7 7 5 354 98 71
17,378,859 814 860,,1540,346,1 0 1 354 98 71
18,381,768 767 792 861 862,1447 1442,1540,379,1 1 1 91 34 10
18,381,768 767 792 861 862,1447 1442,1540,184,2 2 2 91 34 10
18,381,768 767 792 861 862,1447 1442,1540,232,30 30 4 91 34 10
18,381,768 767 792 861 862,1447 1442,1540,380,57 1 2 91 34 10
18,381,768 767 792 861 862,1447 1442,1540,192,1 0 1 91 34 10
19,402,863 799 864 865 866 867 868 869,1448 1469,1541,382,0 1 1 127951 95931 413
19,402,863 799 864 865 866 867 868 869,1448 1469,1541,383,6 3 2 127951 95931 413
19,402,863 799 864 865 866 867 868 869,1448 1469,1541,384,174 84 7 127951 95931 413
19,402,863 799 864 865 866 867 868 869,1448 1469,1541,385,579 38 4 127951 95931 413
19,402,863 799 864 865 866 867 868 869,1448 1469,1541,386,1072 36 3 127951 95931 413
19,402,863 799 864 865 866 867 868 869,1448 1469,1541,387,123358 95554 369 127951 95931 413
19,402,863 799 864 865 866 867 868 869,1448 1469,1541,388,113 1 1 127951 95931 413
19,402,863 799 864 865 866 867 868 869,1448 1469,1541,389,11 0 1 127951 95931 413
19,402,863 799 864 865 866 867 868 869,1448 1469,1541,390,1 1 1 127951 95931 413
19,402,863 799 864 865 866 867 868 869,1448 1469,1541,391,102 0 1 127951 95931 413
19,402,863 799 864 865 866 867 868 869,1448 1469,1541,392,29 13 3 127951 95931 413
19,402,863 799 864 865 866 867 868 869,1448 1469,1541,393,32 9 1 127951 95931 413
19,402,863 799 864 865 866 867 868 869,1448 1469,1541,394,2 2 1 127951 95931 413
19,402,863 799 864 865 866 867 868 869,1448 1469,1541,395,1957 67 6 127951 95931 413
19,402,863 799 864 865 866 867 868 869,1448 1469,1541,396,2 0 1 127951 95931 413
19,402,863 799 864 865 866 867 868 869,1448 1469,1541,397,279 2 3 127951 95931 413
19,402,863 799 864 865 866 867 868 869,1448 1469,1541,398,14 1 1 127951 95931 413
19,402,863 799 864 865 866 867 868 869,1448 1469,1541,399,128 18 2 127951 95931 413
19,402,863 799 864 865 866 867 868 869,1448 1469,1541,400,91 100 4 127951 95931 413
19,402,863 799 864 865 866 867 868 869,1448 1469,1541,401,1 1 1 127951 95931 413
20,272,785,,1534,270,1436 402 9 1787 751 27
20,272,785,,1534,271,351 349 18 1787 751 27
22,409,862 767,,1542,184,1 1 1 1893 418 252
22,409,862 767,,1542,407,26 2 3 1893 418 252
22,409,862 767,,1542,345,1740 357 221 1893 418 252
22,409,862 767,,1542,364,16 0 2 1893 418 252
22,409,862 767,,1542,371,17 17 3 1893 418 252
22,409,862 767,,1542,408,93 41 22 1893 418 252
23,410,799 881 882 883 884 885 886 887 888,1448 1462 1457 1442 1447 1445,1543,252,1 1 1 4 2 3
23,410,799 881 882 883 884 885 886 887 888,1448 1462 1457 1442 1447 1445,1543,264,1 1 1 4 2 3
23,410,799 881 882 883 884 885 886 887 888,1448 1462 1457 1442 1447 1445,1543,396,2 0 1 4 2 3
24,413,,1448 1447 1451 1458,1538,411,36 42 1 103 82 7
24,413,,1448 1447 1451 1458,1538,412,67 40 6 103 82 7
25,414,889 890 891 768 767 892 893 894 895 896 897,1443,1544,359,6 6 1 7311 2283 180
25,414,889 890 891 768 767 892 893 894 895 896 897,1443,1544,407,7305 2277 179 7311 2283 180
27,426,901 902 903 904 905 906 907 768,1443,1540,423,1 0 1 2329 1021 378
27,426,901 902 903 904 905 906 907 768,1443,1540,344,1 0 1 2329 1021 378
27,426,901 902 903 904 905 906 907 768,1443,1540,424,2253 1010 330 2329 1021 378
27,426,901 902 903 904 905 906 907 768,1443,1540,425,2 1 2 2329 1021 378
27,426,901 902 903 904 905 906 907 768,1443,1540,355,68 9 40 2329 1021 378
27,426,901 902 903 904 905 906 907 768,1443,1540,350,1 0 1 2329 1021 378
27,426,901 902 903 904 905 906 907 768,1443,1540,366,1 0 1 2329 1021 378
27,426,901 902 903 904 905 906 907 768,1443,1540,352,2 1 2 2329 1021 378
28,498,799 908 909 910 911 912 913 914 915 916 853,1448 1472 1469 1473 1474 1475 1444 1442 1464 1459 1476 1447 1451 1445 1458 1477 1478 1456 1443 1479 1480 1481,1545,427,980 1429 10 5178666 2605503 6449
28,498,799 908 909 910 911 912 913 914 915 916 853,1448 1472 1469 1473 1474 1475 1444 1442 1464 1459 1476 1447 1451 1445 1458 1477 1478 1456 1443 1479 1480 1481,1545,428,4223 2818 34 5178666 2605503 6449
28,498,799 908 909 910 911 912 913 914 915 916 853,1448 1472 1469 1473 1474 1475 1444 1442 1464 1459 1476 1447 1451 1445 1458 1477 1478 1456 1443 1479 1480 1481,1545,429,925 390 7 5178666 2605503 6449
28,498,799 908 909 910 911 912 913 914 915 916 853,1448 1472 1469 1473 1474 1475 1444 1442 1464 1459 1476 1447 1451 1445 1458 1477 1478 1456 1443 1479 1480 1481,1545,430,102 1931 13 5178666 2605503 6449
28,498,799 908 909 910 911 912 913 914 915 916 853,1448 1472 1469 1473 1474 1475 1444 1442 1464 1459 1476 1447 1451 1445 1458 1477 1478 1456 1443 1479 1480 1481,1545,431,14533 14358 216 5178666 2605503 6449
28,498,799 908 909 910 911 912 913 914 915 916 853,1448 1472 1469 1473 1474 1475 1444 1442 1464 1459 1476 1447 1451 1445 1458 1477 1478 1456 1443 1479 1480 1481,1545,432,1919 1058 13 5178666 2605503 6449
28,498,799 908 909 910 911 912 913 914 915 916 853,1448 1472 1469 1473 1474 1475 1444 1442 1464 1459 1476 1447 1451 1445 1458 1477 1478 1456 1443 1479 1480 1481,1545,433,36709 33345 115 5178666 2605503 6449
28,498,799 908 909 910 911 912 913 914 915 916 853,1448 1472 1469 1473 1474 1475 1444 1442 1464 1459 1476 1447 1451 1445 1458 1477 1478 1456 1443 1479 1480 1481,1545,434,3 194 4 5178666 2605503 6449
28,498,799 908 909 910 911 912 913 914 915 916 853,1448 1472 1469 1473 1474 1475 1444 1442 1464 1459 1476 1447 1451 1445 1458 1477 1478 1456 1443 1479 1480 1481,1545,435,38489 17561 147 5178666 2605503 6449
28,498,799 908 909 910 911 912 913 914 915 916 853,1448 1472 1469 1473 1474 1475 1444 1442 1464 1459 1476 1447 1451 1445 1458 1477 1478 1456 1443 1479 1480 1481,1545,436,23048 9816 312 5178666 2605503 6449
28,498,799 908 909 910 911 912 913 914 915 916 853,1448 1472 1469 1473 1474 1475 1444 1442 1464 1459 1476 1447 1451 1445 1458 1477 1478 1456 1443 1479 1480 1481,1545,437,987 318 18 5178666 2605503 6449
28,498,799 908 909 910 911 912 913 914 915 916 853,1448 1472 1469 1473 1474 1475 1444 1442 1464 1459 1476 1447 1451 1445 1458 1477 1478 1456 1443 1479 1480 1481,1545,438,323 1149 6 5178666 2605503 6449
28,498,799 908 909 910 911 912 913 914 915 916 853,1448 1472 1469 1473 1474 1475 1444 1442 1464 1459 1476 1447 1451 1445 1458 1477 1478 1456 1443 1479 1480 1481,1545,439,55785 77823 342 5178666 2605503 6449
28,498,799 908 909 910 911 912 913 914 915 916 853,1448 1472 1469 1473 1474 1475 1444 1442 1464 1459 1476 1447 1451 1445 1458 1477 1478 1456 1443 1479 1480 1481,1545,440,322 12 6 5178666 2605503 6449
28,498,799 908 909 910 911 912 913 914 915 916 853,1448 1472 1469 1473 1474 1475 1444 1442 1464 1459 1476 1447 1451 1445 1458 1477 1478 1456 1443 1479 1480 1481,1545,441,157 18 9 5178666 2605503 6449
28,498,799 908 909 910 911 912 913 914 915 916 853,1448 1472 1469 1473 1474 1475 1444 1442 1464 1459 1476 1447 1451 1445 1458 1477 1478 1456 1443 1479 1480 1481,1545,442,913 251 15 5178666 2605503 6449
28,498,799 908 909 910 911 912 913 914 915 916 853,1448 1472 1469 1473 1474 1475 1444 1442 1464 1459 1476 1447 1451 1445 1458 1477 1478 1456 1443 1479 1480 1481,1545,443,16730 4401 117 5178666 2605503 6449
28,498,799 908 909 910 911 912 913 914 915 916 853,1448 1472 1469 1473 1474 1475 1444 1442 1464 1459 1476 1447 1451 1445 1458 1477 1478 1456 1443 1479 1480 1481,1545,444,644 1808 41 5178666 2605503 6449
28,498,799 908 909 910 911 912 913 914 915 916 853,1448 1472 1469 1473 1474 1475 1444 1442 1464 1459 1476 1447 1451 1445 1458 1477 1478 1456 1443 1479 1480 1481,1545,445,1222 1684 18 5178666 2605503 6449
28,498,799 908 909 910 911 912 913 914 915 916 853,1448 1472 1469 1473 1474 1475 1444 1442 1464 1459 1476 1447 1451 1445 1458 1477 1478 1456 1443 1479 1480 1481,1545,446,18428 2805 93 5178666 2605503 6449
28,498,799 908 909 910 911 912 913 914 915 916 853,1448 1472 1469 1473 1474 1475 1444 1442 1464 1459 1476 1447 1451 1445 1458 1477 1478 1456 1443 1479 1480 1481,1545,447,123350 118960 58 5178666 2605503 6449
28,498,799 908 909 910 911 912 913 914 915 916 853,1448 1472 1469 1473 1474 1475 1444 1442 1464 1459 1476 1447 1451 1445 1458 1477 1478 1456 1443 1479 1480 1481,1545,448,5901 3069 68 5178666 2605503 6449
28,498,799 908 909 910 911 912 913 914 915 916 853,1448 1472 1469 1473 1474 1475 1444 1442 1464 1459 1476 1447 1451 1445 1458 1477 1478 1456 1443 1479 1480 1481,1545,449,6745 1168 116 5178666 2605503 6449
28,498,799 908 909 910 911 912 913 914 915 916 853,1448 1472 1469 1473 1474 1475 1444 1442 1464 1459 1476 1447 1451 1445 1458 1477 1478 1456 1443 1479 1480 1481,1545,450,14975 2825 87 5178666 2605503 6449
28,498,799 908 909 910 911 912 913 914 915 916 853,1448 1472 1469 1473 1474 1475 1444 1442 1464 1459 1476 1447 1451 1445 1458 1477 1478 1456 1443 1479 1480 1481,1545,451,5708 6490 36 5178666 2605503 6449
28,498,799 908 909 910 911 912 913 914 915 916 853,1448 1472 1469 1473 1474 1475 1444 1442 1464 1459 1476 1447 1451 1445 1458 1477 1478 1456 1443 1479 1480 1481,1545,452,28064 22462 256 5178666 2605503 6449
28,498,799 908 909 910 911 912 913 914 915 916 853,1448 1472 1469 1473 1474 1475 1444 1442 1464 1459 1476 1447 1451 1445 1458 1477 1478 1456 1443 1479 1480 1481,1545,453,2561 1302 53 5178666 2605503 6449
28,498,799 908 909 910 911 912 913 914 915 916 853,1448 1472 1469 1473 1474 1475 1444 1442 1464 1459 1476 1447 1451 1445 1458 1477 1478 1456 1443 1479 1480 1481,1545,454,685 1020 10 5178666 2605503 6449
28,498,799 908 909 910 911 912 913 914 915 916 853,1448 1472 1469 1473 1474 1475 1444 1442 1464 1459 1476 1447 1451 1445 1458 1477 1478 1456 1443 1479 1480 1481,1545,455,24563 26769 298 5178666 2605503 6449
28,498,799 908 909 910 911 912 913 914 915 916 853,1448 1472 1469 1473 1474 1475 1444 1442 1464 1459 1476 1447 1451 1445 1458 1477 1478 1456 1443 1479 1480 1481,1545,456,8142 6065 84 5178666 2605503 6449
28,498,799 908 909 910 911 912 913 914 915 916 853,1448 1472 1469 1473 1474 1475 1444 1442 1464 1459 1476 1447 1451 1445 1458 1477 1478 1456 1443 1479 1480 1481,1545,457,3562025 5834 295 5178666 2605503 6449
28,498,799 908 909 910 911 912 913 914 915 916 853,1448 1472 1469 1473 1474 1475 1444 1442 1464 1459 1476 1447 1451 1445 1458 1477 1478 1456 1443 1479 1480 1481,1545,458,17875 16328 178 5178666 2605503 6449
28,498,799 908 909 910 911 912 913 914 915 916 853,1448 1472 1469 1473 1474 1475 1444 1442 1464 1459 1476 1447 1451 1445 1458 1477 1478 1456 1443 1479 1480 1481,1545,459,731 500 24 5178666 2605503 6449
28,498,799 908 909 910 911 912 913 914 915 916 853,1448 1472 1469 1473 1474 1475 1444 1442 1464 1459 1476 1447 1451 1445 1458 1477 1478 1456 1443 1479 1480 1481,1545,460,428 144 17 5178666 2605503 6449
28,498,799 908 909 910 911 912 913 914 915 916 853,1448 1472 1469 1473 1474 1475 1444 1442 1464 1459 1476 1447 1451 1445 1458 1477 1478 1456 1443 1479 1480 1481,1545,461,20746 6054 110 5178666 2605503 6449
28,498,799 908 909 910 911 912 913 914 915 916 853,1448 1472 1469 1473 1474 1475 1444 1442 1464 1459 1476 1447 1451 1445 1458 1477 1478 1456 1443 1479 1480 1481,1545,251,374 5081 8 5178666 2605503 6449
28,498,799 908 909 910 911 912 913 914 915 916 853,1448 1472 1469 1473 1474 1475 1444 1442 1464 1459 1476 1447 1451 1445 1458 1477 1478 1456 1443 1479 1480 1481,1545,462,68873 1129771 602 5178666 2605503 6449
28,498,799 908 909 910 911 912 913 914 915 916 853,1448 1472 1469 1473 1474 1475 1444 1442 1464 1459 1476 1447 1451 1445 1458 1477 1478 1456 1443 1479 1480 1481,1545,463,8696 2563 130 5178666 2605503 6449
28,498,799 908 909 910 911 912 913 914 915 916 853,1448 1472 1469 1473 1474 1475 1444 1442 1464 1459 1476 1447 1451 1445 1458 1477 1478 1456 1443 1479 1480 1481,1545,464,4742 1811 58 5178666 2605503 6449
28,498,799 908 909 910 911 912 913 914 915 916 853,1448 1472 1469 1473 1474 1475 1444 1442 1464 1459 1476 1447 1451 1445 1458 1477 1478 1456 1443 1479 1480 1481,1545,465,1223 560 28 5178666 2605503 6449
28,498,799 908 909 910 911 912 913 914 915 916 853,1448 1472 1469 1473 1474 1475 1444 1442 1464 1459 1476 1447 1451 1445 1458 1477 1478 1456 1443 1479 1480 1481,1545,466,16984 17340 87 5178666 2605503 6449
28,498,799 908 909 910 911 912 913 914 915 916 853,1448 1472 1469 1473 1474 1475 1444 1442 1464 1459 1476 1447 1451 1445 1458 1477 1478 1456 1443 1479 1480 1481,1545,467,1119 1057 4 5178666 2605503 6449
28,498,799 908 909 910 911 912 913 914 915 916 853,1448 1472 1469 1473 1474 1475 1444 1442 1464 1459 1476 1447 1451 1445 1458 1477 1478 1456 1443 1479 1480 1481,1545,468,1557 2101 11 5178666 2605503 6449
28,498,799 908 909 910 911 912 913 914 915 916 853,1448 1472 1469 1473 1474 1475 1444 1442 1464 1459 1476 1447 1451 1445 1458 1477 1478 1456 1443 1479 1480 1481,1545,469,3207 4052 46 5178666 2605503 6449
28,498,799 908 909 910 911 912 913 914 915 916 853,1448 1472 1469 1473 1474 1475 1444 1442 1464 1459 1476 1447 1451 1445 1458 1477 1478 1456 1443 1479 1480 1481,1545,470,15214 13230 42 5178666 2605503 6449
28,498,799 908 909 910 911 912 913 914 915 916 853,1448 1472 1469 1473 1474 1475 1444 1442 1464 1459 1476 1447 1451 1445 1458 1477 1478 1456 1443 1479 1480 1481,1545,471,316 174 14 5178666 2605503 6449
28,498,799 908 909 910 911 912 913 914 915 916 853,1448 1472 1469 1473 1474 1475 1444 1442 1464 1459 1476 1447 1451 1445 1458 1477 1478 1456 1443 1479 1480 1481,1545,472,1590 530 28 5178666 2605503 6449
28,498,799 908 909 910 911 912 913 914 915 916 853,1448 1472 1469 1473 1474 1475 1444 1442 1464 1459 1476 1447 1451 1445 1458 1477 1478 1456 1443 1479 1480 1481,1545,473,6120 89 13 5178666 2605503 6449
28,498,799 908 909 910 911 912 913 914 915 916 853,1448 1472 1469 1473 1474 1475 1444 1442 1464 1459 1476 1447 1451 1445 1458 1477 1478 1456 1443 1479 1480 1481,1545,474,8031 3773 138 5178666 2605503 6449
28,498,799 908 909 910 911 912 913 914 915 916 853,1448 1472 1469 1473 1474 1475 1444 1442 1464 1459 1476 1447 1451 1445 1458 1477 1478 1456 1443 1479 1480 1481,1545,475,14082 1992 196 5178666 2605503 6449
28,498,799 908 909 910 911 912 913 914 915 916 853,1448 1472 1469 1473 1474 1475 1444 1442 1464 1459 1476 1447 1451 1445 1458 1477 1478 1456 1443 1479 1480 1481,1545,476,15492 15196 270 5178666 2605503 6449
28,498,799 908 909 910 911 912 913 914 915 916 853,1448 1472 1469 1473 1474 1475 1444 1442 1464 1459 1476 1447 1451 1445 1458 1477 1478 1456 1443 1479 1480 1481,1545,477,16750 55728 151 5178666 2605503 6449
28,498,799 908 909 910 911 912 913 914 915 916 853,1448 1472 1469 1473 1474 1475 1444 1442 1464 1459 1476 1447 1451 1445 1458 1477 1478 1456 1443 1479 1480 1481,1545,478,429 88 9 5178666 2605503 6449
28,498,799 908 909 910 911 912 913 914 915 916 853,1448 1472 1469 1473 1474 1475 1444 1442 1464 1459 1476 1447 1451 1445 1458 1477 1478 1456 1443 1479 1480 1481,1545,479,1605 179 47 5178666 2605503 6449
28,498,799 908 909 910 911 912 913 914 915 916 853,1448 1472 1469 1473 1474 1475 1444 1442 1464 1459 1476 1447 1451 1445 1458 1477 1478 1456 1443 1479 1480 1481,1545,480,18154 10785 170 5178666 2605503 6449
28,498,799 908 909 910 911 912 913 914 915 916 853,1448 1472 1469 1473 1474 1475 1444 1442 1464 1459 1476 1447 1451 1445 1458 1477 1478 1456 1443 1479 1480 1481,1545,481,891617 915492 355 5178666 2605503 6449
28,498,799 908 909 910 911 912 913 914 915 916 853,1448 1472 1469 1473 1474 1475 1444 1442 1464 1459 1476 1447 1451 1445 1458 1477 1478 1456 1443 1479 1480 1481,1545,482,4500 2294 22 5178666 2605503 6449
28,498,799 908 909 910 911 912 913 914 915 916 853,1448 1472 1469 1473 1474 1475 1444 1442 1464 1459 1476 1447 1451 1445 1458 1477 1478 1456 1443 1479 1480 1481,1545,483,728 825 28 5178666 2605503 6449
28,498,799 908 909 910 911 912 913 914 915 916 853,1448 1472 1469 1473 1474 1475 1444 1442 1464 1459 1476 1447 1451 1445 1458 1477 1478 1456 1443 1479 1480 1481,1545,484,77 3 4 5178666 2605503 6449
28,498,799 908 909 910 911 912 913 914 915 916 853,1448 1472 1469 1473 1474 1475 1444 1442 1464 1459 1476 1447 1451 1445 1458 1477 1478 1456 1443 1479 1480 1481,1545,485,4812 1941 64 5178666 2605503 6449
28,498,799 908 909 910 911 912 913 914 915 916 853,1448 1472 1469 1473 1474 1475 1444 1442 1464 1459 1476 1447 1451 1445 1458 1477 1478 1456 1443 1479 1480 1481,1545,486,494 738 4 5178666 2605503 6449
28,498,799 908 909 910 911 912 913 914 915 916 853,1448 1472 1469 1473 1474 1475 1444 1442 1464 1459 1476 1447 1451 1445 1458 1477 1478 1456 1443 1479 1480 1481,1545,487,565 1016 41 5178666 2605503 6449
28,498,799 908 909 910 911 912 913 914 915 916 853,1448 1472 1469 1473 1474 1475 1444 1442 1464 1459 1476 1447 1451 1445 1458 1477 1478 1456 1443 1479 1480 1481,1545,488,1913 1500 66 5178666 2605503 6449
28,498,799 908 909 910 911 912 913 914 915 916 853,1448 1472 1469 1473 1474 1475 1444 1442 1464 1459 1476 1447 1451 1445 1458 1477 1478 1456 1443 1479 1480 1481,1545,489,123 68 13 5178666 2605503 6449
28,498,799 908 909 910 911 912 913 914 915 916 853,1448 1472 1469 1473 1474 1475 1444 1442 1464 1459 1476 1447 1451 1445 1458 1477 1478 1456 1443 1479 1480 1481,1545,490,6124 1416 40 5178666 2605503 6449
28,498,799 908 909 910 911 912 913 914 915 916 853,1448 1472 1469 1473 1474 1475 1444 1442 1464 1459 1476 1447 1451 1445 1458 1477 1478 1456 1443 1479 1480 1481,1545,491,9472 4086 245 5178666 2605503 6449
28,498,799 908 909 910 911 912 913 914 915 916 853,1448 1472 1469 1473 1474 1475 1444 1442 1464 1459 1476 1447 1451 1445 1458 1477 1478 1456 1443 1479 1480 1481,1545,492,2138 9332 84 5178666 2605503 6449
28,498,799 908 909 910 911 912 913 914 915 916 853,1448 1472 1469 1473 1474 1475 1444 1442 1464 1459 1476 1447 1451 1445 1458 1477 1478 1456 1443 1479 1480 1481,1545,493,5224 2683 82 5178666 2605503 6449
28,498,799 908 909 910 911 912 913 914 915 916 853,1448 1472 1469 1473 1474 1475 1444 1442 1464 1459 1476 1447 1451 1445 1458 1477 1478 1456 1443 1479 1480 1481,1545,494,2247 2550 47 5178666 2605503 6449
28,498,799 908 909 910 911 912 913 914 915 916 853,1448 1472 1469 1473 1474 1475 1444 1442 1464 1459 1476 1447 1451 1445 1458 1477 1478 1456 1443 1479 1480 1481,1545,495,2660 2302 39 5178666 2605503 6449
28,498,799 908 909 910 911 912 913 914 915 916 853,1448 1472 1469 1473 1474 1475 1444 1442 1464 1459 1476 1447 1451 1445 1458 1477 1478 1456 1443 1479 1480 1481,1545,496,61 364 8 5178666 2605503 6449
28,498,799 908 909 910 911 912 913 914 915 916 853,1448 1472 1469 1473 1474 1475 1444 1442 1464 1459 1476 1447 1451 1445 1458 1477 1478 1456 1443 1479 1480 1481,1545,497,2412 634 29 5178666 2605503 6449
29,500,917 918 919 920 921 922 767,,1546,186,1 2 1 3345 280 74
29,500,917 918 919 920 921 922 767,,1546,499,3343 278 72 3345 280 74
29,500,917 918 919 920 921 922 767,,1546,244,1 0 1 3345 280 74
30,502,,,1545,232,1 3 2 2121 1758 45
30,502,,,1545,379,1 1 1 2121 1758 45
30,502,,,1545,501,1 1 1 2121 1758 45
30,502,,,1545,345,39 0 8 2121 1758 45
30,502,,,1545,351,2079 1753 33 2121 1758 45
31,506,,1469 1473 1474 1447 1442 1459 1443 1472,1537,503,3 4 2 1296990 1543091 528
31,506,,1469 1473 1474 1447 1442 1459 1443 1472,1537,504,1296983 1543085 524 1296990 1543091 528
31,506,,1469 1473 1474 1447 1442 1459 1443 1472,1537,505,2 2 1 1296990 1543091 528
31,506,,1469 1473 1474 1447 1442 1459 1443 1472,1537,422,2 0 1 1296990 1543091 528
32,508,,1448,1543,412,53 3 2 1230 664 18
32,508,,1448,1543,507,697 377 12 1230 664 18
32,508,,1448,1543,267,480 284 4 1230 664 18
34,511,768 767 926 927 928 929,,1548,405,1 0 1 6 3 5
34,511,768 767 926 927 928 929,,1548,363,1 0 1 6 3 5
34,511,768 767 926 927 928 929,,1548,184,3 3 2 6 3 5
34,511,768 767 926 927 928 929,,1548,197,1 0 1 6 3 5
35,513,,1482 1447 1460 1442,1549,512,23 3 1 10773 5952 441
35,513,,1482 1447 1460 1442,1549,250,10750 5949 440 10773 5952 441
36,402,930 799 861 931 868 932,1448 1447 1469 1472 1483 1451 1443,1550,382,0 2 1 3357763 1791501 1213
36,402,930 799 861 931 868 932,1448 1447 1469 1472 1483 1451 1443,1550,384,1 1 1 3357763 1791501 1213
36,402,930 799 861 931 868 932,1448 1447 1469 1472 1483 1451 1443,1550,385,105 15 2 3357763 1791501 1213
36,402,930 799 861 931 868 932,1448 1447 1469 1472 1483 1451 1443,1550,386,814 128 1 3357763 1791501 1213
36,402,930 799 861 931 868 932,1448 1447 1469 1472 1483 1451 1443,1550,387,3128423 1649189 1112 3357763 1791501 1213
36,402,930 799 861 931 868 932,1448 1447 1469 1472 1483 1451 1443,1550,415,39 1 2 3357763 1791501 1213
36,402,930 799 861 931 868 932,1448 1447 1469 1472 1483 1451 1443,1550,383,1 1 1 3357763 1791501 1213
36,402,930 799 861 931 868 932,1448 1447 1469 1472 1483 1451 1443,1550,416,4 53 1 3357763 1791501 1213
36,402,930 799 861 931 868 932,1448 1447 1469 1472 1483 1451 1443,1550,390,1 1 1 3357763 1791501 1213
36,402,930 799 861 931 868 932,1448 1447 1469 1472 1483 1451 1443,1550,392,4635 1671 25 3357763 1791501 1213
36,402,930 799 861 931 868 932,1448 1447 1469 1472 1483 1451 1443,1550,418,3427 1730 8 3357763 1791501 1213
36,402,930 799 861 931 868 932,1448 1447 1469 1472 1483 1451 1443,1550,395,1600 0 1 3357763 1791501 1213
36,402,930 799 861 931 868 932,1448 1447 1469 1472 1483 1451 1443,1550,420,2 2 1 3357763 1791501 1213
36,402,930 799 861 931 868 932,1448 1447 1469 1472 1483 1451 1443,1550,393,44 1 1 3357763 1791501 1213
36,402,930 799 861 931 868 932,1448 1447 1469 1472 1483 1451 1443,1550,394,133114 110768 13 3357763 1791501 1213
36,402,930 799 861 931 868 932,1448 1447 1469 1472 1483 1451 1443,1550,388,187 2 1 3357763 1791501 1213
36,402,930 799 861 931 868 932,1448 1447 1469 1472 1483 1451 1443,1550,421,7806 1 1 3357763 1791501 1213
36,402,930 799 861 931 868 932,1448 1447 1469 1472 1483 1451 1443,1550,391,1109 374 7 3357763 1791501 1213
36,402,930 799 861 931 868 932,1448 1447 1469 1472 1483 1451 1443,1550,389,130 23 2 3357763 1791501 1213
36,402,930 799 861 931 868 932,1448 1447 1469 1472 1483 1451 1443,1550,417,1710 1015 3 3357763 1791501 1213
36,402,930 799 861 931 868 932,1448 1447 1469 1472 1483 1451 1443,1550,419,27231 2082 13 3357763 1791501 1213
36,402,930 799 861 931 868 932,1448 1447 1469 1472 1483 1451 1443,1550,397,1232 3 1 3357763 1791501 1213
36,402,930 799 861 931 868 932,1448 1447 1469 1472 1483 1451 1443,1550,398,8 0 1 3357763 1791501 1213
36,402,930 799 861 931 868 932,1448 1447 1469 1472 1483 1451 1443,1550,399,46028 24315 12 3357763 1791501 1213
36,402,930 799 861 931 868 932,1448 1447 1469 1472 1483 1451 1443,1550,401,112 123 1 3357763 1791501 1213
38,516,933 767 768 792,,1552,340,462 101 80 463 102 81
38,516,933 767 768 792,,1552,515,1 1 1 463 102 81
39,517,934 935 936 937 938 939 940 941 942,1462 1441 1448 1457 1447 1445 1443 1463 1484,1546,261,0 1 1 107 25 6
39,517,934 935 936 937 938 939 940 941 942,1462 1441 1448 1457 1447 1445 1443 1463 1484,1546,246,36 24 4 107 25 6
39,517,934 935 936 937 938 939 940 941 942,1462 1441 1448 1457 1447 1445 1443 1463 1484,1546,380,71 0 1 107 25 6
40,519,943 768 944 945 767 792,,1537,423,1 0 1 615 265 193
40,519,943 768 944 945 767 792,,1537,379,6 5 2 615 265 193
40,519,943 768 944 945 767 792,,1537,518,20 10 3 615 265 193
40,519,943 768 944 945 767 792,,1537,425,2 1 2 615 265 193
40,519,943 768 944 945 767 792,,1537,366,585 249 184 615 265 193
40,519,943 768 944 945 767 792,,1537,183,1 0 1 615 265 193
41,521,767 768 946 947 948 949 950 951 952 953 954 955 956 957,1441 1447,1531,520,6 3 2 3224 1696 353
41,521,767 768 946 947 948 949 950 951 952 953 954 955 956 957,1441 1447,1531,375,3218 1693 351 3224 1696 353
42,522,958 959 799 960 961,1448 1441 1445 1447,1542,266,58 60 2 123185 83499 612
42,522,958 959 799 960 961,1448 1441 1445 1447,1542,256,123046 83409 603 123185 83499 612
42,522,958 959 799 960 961,1448 1441 1445 1447,1542,267,81 30 7 123185 83499 612
44,525,965 966 967 968 969 970 799,1448 1485 1457 1464,1554,384,1 1 1 114 27 5
44,525,965 966 967 968 969 970 799,1448 1485 1457 1464,1554,264,1 1 1 114 27 5
44,525,965 966 967 968 969 970 799,1448 1485 1457 1464,1554,524,18 17 2 114 27 5
44,525,965 966 967 968 969 970 799,1448 1485 1457 1464,1554,255,94 8 1 114 27 5
47,529,988 798 989 990 991 992 993 994 995 767 768 996 997 998 999 1000 1001 1002 1003,,1556,368,1796 1108 157 1797 1108 158
47,529,988 798 989 990 991 992 993 994 995 767 768 996 997 998 999 1000 1001 1002 1003,,1556,499,1 0 1 1797 1108 158
48,531,1004 1005 1006 1007 790 1008 1009 798 1010 1011 1012 1013 1014 1015 1016 1017 1018 1019,1469 1459 1486 1473 1443 1442 1483 1487 1475 1472 1447,1555,530,64 47 9 65 48 10
48,531,1004 1005 1006 1007 790 1008 1009 798 1010 1011 1012 1013 1014 1015 1016 1017 1018 1019,1469 1459 1486 1473 1443 1442 1483 1487 1475 1472 1447,1555,505,1 1 1 65 48 10
50,528,973 974 978 982 1025 981 984 972 1026 1027 1028 980 1029 971 1030 1031 983 798 985 922,1447 1458 1442 1488,1555,527,46659 18253 3954 46662 18256 3956
50,528,973 974 978 982 1025 981 984 972 1026 1027 1028 980 1029 971 1030 1031 983 798 985 922,1447 1458 1442 1488,1555,243,3 3 2 46662 18256 3956
51,545,1032 768 822 827 1033 932 1034 1035,,1546,377,642 68 40 642 68 40
52,547,853,1472 1469 1442 1473 1489 1475 1443 1445 1474 1480 1459 1447 1464 1490 1444 1479 1458,1558,443,3070 1215 41 1374463 522961 4948
52,547,853,1472 1469 1442 1473 1489 1475 1443 1445 1474 1480 1459 1447 1464 1490 1444 1479 1458,1558,430,67633 51619 152 1374463 522961 4948
52,547,853,1472 1469 1442 1473 1489 1475 1443 1445 1474 1480 1459 1447 1464 1490 1444 1479 1458,1558,431,3856 3610 39 1374463 522961 4948
52,547,853,1472 1469 1442 1473 1489 1475 1443 1445 1474 1480 1459 1447 1464 1490 1444 1479 1458,1558,432,568 225 8 1374463 522961 4948
52,547,853,1472 1469 1442 1473 1489 1475 1443 1445 1474 1480 1459 1447 1464 1490 1444 1479 1458,1558,470,1668 1831 36 1374463 522961 4948
52,547,853,1472 1469 1442 1473 1489 1475 1443 1445 1474 1480 1459 1447 1464 1490 1444 1479 1458,1558,428,3904 680 18 1374463 522961 4948
52,547,853,1472 1469 1442 1473 1489 1475 1443 1445 1474 1480 1459 1447 1464 1490 1444 1479 1458,1558,439,612 417 19 1374463 522961 4948
52,547,853,1472 1469 1442 1473 1489 1475 1443 1445 1474 1480 1459 1447 1464 1490 1444 1479 1458,1558,438,345 35 6 1374463 522961 4948
52,547,853,1472 1469 1442 1473 1489 1475 1443 1445 1474 1480 1459 1447 1464 1490 1444 1479 1458,1558,442,145 38 11 1374463 522961 4948
52,547,853,1472 1469 1442 1473 1489 1475 1443 1445 1474 1480 1459 1447 1464 1490 1444 1479 1458,1558,472,39534 36727 128 1374463 522961 4948
52,547,853,1472 1469 1442 1473 1489 1475 1443 1445 1474 1480 1459 1447 1464 1490 1444 1479 1458,1558,473,610 21 5 1374463 522961 4948
52,547,853,1472 1469 1442 1473 1489 1475 1443 1445 1474 1480 1459 1447 1464 1490 1444 1479 1458,1558,440,475 49 9 1374463 522961 4948
52,547,853,1472 1469 1442 1473 1489 1475 1443 1445 1474 1480 1459 1447 1464 1490 1444 1479 1458,1558,444,3205 2734 36 1374463 522961 4948
52,547,853,1472 1469 1442 1473 1489 1475 1443 1445 1474 1480 1459 1447 1464 1490 1444 1479 1458,1558,437,2992 322 14 1374463 522961 4948
52,547,853,1472 1469 1442 1473 1489 1475 1443 1445 1474 1480 1459 1447 1464 1490 1444 1479 1458,1558,446,485 280 24 1374463 522961 4948
52,547,853,1472 1469 1442 1473 1489 1475 1443 1445 1474 1480 1459 1447 1464 1490 1444 1479 1458,1558,447,1208 156 11 1374463 522961 4948
52,547,853,1472 1469 1442 1473 1489 1475 1443 1445 1474 1480 1459 1447 1464 1490 1444 1479 1458,1558,448,113 85 7 1374463 522961 4948
52,547,853,1472 1469 1442 1473 1489 1475 1443 1445 1474 1480 1459 1447 1464 1490 1444 1479 1458,1558,450,819 182 9 1374463 522961 4948
52,547,853,1472 1469 1442 1473 1489 1475 1443 1445 1474 1480 1459 1447 1464 1490 1444 1479 1458,1558,441,40 16 6 1374463 522961 4948
52,547,853,1472 1469 1442 1473 1489 1475 1443 1445 1474 1480 1459 1447 1464 1490 1444 1479 1458,1558,474,115 9 5 1374463 522961 4948
52,547,853,1472 1469 1442 1473 1489 1475 1443 1445 1474 1480 1459 1447 1464 1490 1444 1479 1458,1558,462,20975 19773 186 1374463 522961 4948
52,547,853,1472 1469 1442 1473 1489 1475 1443 1445 1474 1480 1459 1447 1464 1490 1444 1479 1458,1558,453,34768 16174 277 1374463 522961 4948
52,547,853,1472 1469 1442 1473 1489 1475 1443 1445 1474 1480 1459 1447 1464 1490 1444 1479 1458,1558,478,682 77 14 1374463 522961 4948
52,547,853,1472 1469 1442 1473 1489 1475 1443 1445 1474 1480 1459 1447 1464 1490 1444 1479 1458,1558,449,6768 878 104 1374463 522961 4948
52,547,853,1472 1469 1442 1473 1489 1475 1443 1445 1474 1480 1459 1447 1464 1490 1444 1479 1458,1558,454,742 782 17 1374463 522961 4948
52,547,853,1472 1469 1442 1473 1489 1475 1443 1445 1474 1480 1459 1447 1464 1490 1444 1479 1458,1558,455,2098 1323 40 1374463 522961 4948
52,547,853,1472 1469 1442 1473 1489 1475 1443 1445 1474 1480 1459 1447 1464 1490 1444 1479 1458,1558,475,23378 3108 255 1374463 522961 4948
52,547,853,1472 1469 1442 1473 1489 1475 1443 1445 1474 1480 1459 1447 1464 1490 1444 1479 1458,1558,469,1524 639 38 1374463 522961 4948
52,547,853,1472 1469 1442 1473 1489 1475 1443 1445 1474 1480 1459 1447 1464 1490 1444 1479 1458,1558,456,178 557 21 1374463 522961 4948
52,547,853,1472 1469 1442 1473 1489 1475 1443 1445 1474 1480 1459 1447 1464 1490 1444 1479 1458,1558,433,100716 67314 5 1374463 522961 4948
52,547,853,1472 1469 1442 1473 1489 1475 1443 1445 1474 1480 1459 1447 1464 1490 1444 1479 1458,1558,476,556 18 7 1374463 522961 4948
52,547,853,1472 1469 1442 1473 1489 1475 1443 1445 1474 1480 1459 1447 1464 1490 1444 1479 1458,1558,477,180 39 6 1374463 522961 4948
52,547,853,1472 1469 1442 1473 1489 1475 1443 1445 1474 1480 1459 1447 1464 1490 1444 1479 1458,1558,457,381 433 33 1374463 522961 4948
52,547,853,1472 1469 1442 1473 1489 1475 1443 1445 1474 1480 1459 1447 1464 1490 1444 1479 1458,1558,451,18813 4243 66 1374463 522961 4948
52,547,853,1472 1469 1442 1473 1489 1475 1443 1445 1474 1480 1459 1447 1464 1490 1444 1479 1458,1558,445,42841 42339 255 1374463 522961 4948
52,547,853,1472 1469 1442 1473 1489 1475 1443 1445 1474 1480 1459 1447 1464 1490 1444 1479 1458,1558,479,1467 4563 138 1374463 522961 4948
52,547,853,1472 1469 1442 1473 1489 1475 1443 1445 1474 1480 1459 1447 1464 1490 1444 1479 1458,1558,459,9518 1113 33 1374463 522961 4948
52,547,853,1472 1469 1442 1473 1489 1475 1443 1445 1474 1480 1459 1447 1464 1490 1444 1479 1458,1558,466,6783 2004 37 1374463 522961 4948
52,547,853,1472 1469 1442 1473 1489 1475 1443 1445 1474 1480 1459 1447 1464 1490 1444 1479 1458,1558,471,980 463 26 1374463 522961 4948
52,547,853,1472 1469 1442 1473 1489 1475 1443 1445 1474 1480 1459 1447 1464 1490 1444 1479 1458,1558,481,112601 120520 618 1374463 522961 4948
52,547,853,1472 1469 1442 1473 1489 1475 1443 1445 1474 1480 1459 1447 1464 1490 1444 1479 1458,1558,464,2593 1060 53 1374463 522961 4948
52,547,853,1472 1469 1442 1473 1489 1475 1443 1445 1474 1480 1459 1447 1464 1490 1444 1479 1458,1558,482,1676 843 33 1374463 522961 4948
52,547,853,1472 1469 1442 1473 1489 1475 1443 1445 1474 1480 1459 1447 1464 1490 1444 1479 1458,1558,494,4170 3926 51 1374463 522961 4948
52,547,853,1472 1469 1442 1473 1489 1475 1443 1445 1474 1480 1459 1447 1464 1490 1444 1479 1458,1558,429,3172 3165 91 1374463 522961 4948
52,547,853,1472 1469 1442 1473 1489 1475 1443 1445 1474 1480 1459 1447 1464 1490 1444 1479 1458,1558,427,2057 1441 8 1374463 522961 4948
52,547,853,1472 1469 1442 1473 1489 1475 1443 1445 1474 1480 1459 1447 1464 1490 1444 1479 1458,1558,483,581 210 17 1374463 522961 4948
52,547,853,1472 1469 1442 1473 1489 1475 1443 1445 1474 1480 1459 1447 1464 1490 1444 1479 1458,1558,546,838 227 7 1374463 522961 4948
52,547,853,1472 1469 1442 1473 1489 1475 1443 1445 1474 1480 1459 1447 1464 1490 1444 1479 1458,1558,460,204 42 9 1374463 522961 4948
52,547,853,1472 1469 1442 1473 1489 1475 1443 1445 1474 1480 1459 1447 1464 1490 1444 1479 1458,1558,461,81 16 7 1374463 522961 4948
52,547,853,1472 1469 1442 1473 1489 1475 1443 1445 1474 1480 1459 1447 1464 1490 1444 1479 1458,1558,484,879 660 7 1374463 522961 4948
52,547,853,1472 1469 1442 1473 1489 1475 1443 1445 1474 1480 1459 1447 1464 1490 1444 1479 1458,1558,434,191 19 4 1374463 522961 4948
52,547,853,1472 1469 1442 1473 1489 1475 1443 1445 1474 1480 1459 1447 1464 1490 1444 1479 1458,1558,458,707137 36106 393 1374463 522961 4948
52,547,853,1472 1469 1442 1473 1489 1475 1443 1445 1474 1480 1459 1447 1464 1490 1444 1479 1458,1558,480,1077 451 21 1374463 522961 4948
52,547,853,1472 1469 1442 1473 1489 1475 1443 1445 1474 1480 1459 1447 1464 1490 1444 1479 1458,1558,485,4838 3899 33 1374463 522961 4948
52,547,853,1472 1469 1442 1473 1489 1475 1443 1445 1474 1480 1459 1447 1464 1490 1444 1479 1458,1558,486,917 1041 23 1374463 522961 4948
52,547,853,1472 1469 1442 1473 1489 1475 1443 1445 1474 1480 1459 1447 1464 1490 1444 1479 1458,1558,436,28566 22630 241 1374463 522961 4948
52,547,853,1472 1469 1442 1473 1489 1475 1443 1445 1474 1480 1459 1447 1464 1490 1444 1479 1458,1558,488,7293 3078 126 1374463 522961 4948
52,547,853,1472 1469 1442 1473 1489 1475 1443 1445 1474 1480 1459 1447 1464 1490 1444 1479 1458,1558,489,18017 12336 160 1374463 522961 4948
52,547,853,1472 1469 1442 1473 1489 1475 1443 1445 1474 1480 1459 1447 1464 1490 1444 1479 1458,1558,490,453 193 5 1374463 522961 4948
52,547,853,1472 1469 1442 1473 1489 1475 1443 1445 1474 1480 1459 1447 1464 1490 1444 1479 1458,1558,491,6429 2695 260 1374463 522961 4948
52,547,853,1472 1469 1442 1473 1489 1475 1443 1445 1474 1480 1459 1447 1464 1490 1444 1479 1458,1558,492,28196 14110 245 1374463 522961 4948
52,547,853,1472 1469 1442 1473 1489 1475 1443 1445 1474 1480 1459 1447 1464 1490 1444 1479 1458,1558,463,13390 11758 71 1374463 522961 4948
52,547,853,1472 1469 1442 1473 1489 1475 1443 1445 1474 1480 1459 1447 1464 1490 1444 1479 1458,1558,452,139 84 4 1374463 522961 4948
52,547,853,1472 1469 1442 1473 1489 1475 1443 1445 1474 1480 1459 1447 1464 1490 1444 1479 1458,1558,493,4620 3418 108 1374463 522961 4948
52,547,853,1472 1469 1442 1473 1489 1475 1443 1445 1474 1480 1459 1447 1464 1490 1444 1479 1458,1558,465,5786 4675 106 1374463 522961 4948
52,547,853,1472 1469 1442 1473 1489 1475 1443 1445 1474 1480 1459 1447 1464 1490 1444 1479 1458,1558,435,1582 1449 11 1374463 522961 4948
52,547,853,1472 1469 1442 1473 1489 1475 1443 1445 1474 1480 1459 1447 1464 1490 1444 1479 1458,1558,495,5100 5037 44 1374463 522961 4948
52,547,853,1472 1469 1442 1473 1489 1475 1443 1445 1474 1480 1459 1447 1464 1490 1444 1479 1458,1558,496,385 413 13 1374463 522961 4948
52,547,853,1472 1469 1442 1473 1489 1475 1443 1445 1474 1480 1459 1447 1464 1490 1444 1479 1458,1558,497,2663 1018 18 1374463 522961 4948
52,547,853,1472 1469 1442 1473 1489 1475 1443 1445 1474 1480 1459 1447 1464 1490 1444 1479 1458,1558,467,349 218 8 1374463 522961 4948
52,547,853,1472 1469 1442 1473 1489 1475 1443 1445 1474 1480 1459 1447 1464 1490 1444 1479 1458,1558,468,3738 132 11 1374463 522961 4948
53,549,,,1551,548,8585 219 71 8585 219 71
54,550,799 1036 1037 1038 1039 1040 1041 1042 1043 1044 1045,1448,1533,269,1054 140 26 1054 140 26
55,552,,,1547,551,19106 16116 33 19108 16117 34
55,552,,,1547,241,2 1 1 19108 16117 34
56,553,1046 1047 1048 1049 1050 1051 1052 1053 1054 1055,,1549,230,656 263 128 656 263 128
57,561,1030 979 1056 932 1057,1491,1535,554,0 0 1 31516 27694 97
57,561,1030 979 1056 932 1057,1491,1535,555,1 1 1 31516 27694 97
57,561,1030 979 1056 932 1057,1491,1535,556,57 44 4 31516 27694 97
57,561,1030 979 1056 932 1057,1491,1535,557,269 0 1 31516 27694 97
57,561,1030 979 1056 932 1057,1491,1535,558,3 1 1 31516 27694 97
57,561,1030 979 1056 932 1057,1491,1535,559,100 150 6 31516 27694 97
57,561,1030 979 1056 932 1057,1491,1535,560,31086 27498 83 31516 27694 97
58,563,1058 1059 1060 1061 1062 1063 1064 1065 1066 1067 1068 1069 1070 1071,,1534,562,520 167 71 525 169 73
58,563,1058 1059 1060 1061 1062 1063 1064 1065 1066 1067 1068 1069 1070 1071,,1534,254,5 2 2 525 169 73
60,552,,,1541,551,15159 12887 30 15159 12887 30
61,585,1077 1078 799 1079 1020 853 1080 1081 845 1082 1083,1448 1445 1447 1442 1443 1458,1559,570,55 3 1 701836 569493 2350
61,585,1077 1078 799 1079 1020 853 1080 1081 845 1082 1083,1448 1445 1447 1442 1443 1458,1559,571,884 413 11 701836 569493 2350
61,585,1077 1078 799 1079 1020 853 1080 1081 845 1082 1083,1448 1445 1447 1442 1443 1458,1559,572,1 1 1 701836 569493 2350
61,585,1077 1078 799 1079 1020 853 1080 1081 845 1082 1083,1448 1445 1447 1442 1443 1458,1559,573,299966 275274 1216 701836 569493 2350
61,585,1077 1078 799 1079 1020 853 1080 1081 845 1082 1083,1448 1445 1447 1442 1443 1458,1559,574,12 0 2 701836 569493 2350
61,585,1077 1078 799 1079 1020 853 1080 1081 845 1082 1083,1448 1445 1447 1442 1443 1458,1559,575,12 9 3 701836 569493 2350
61,585,1077 1078 799 1079 1020 853 1080 1081 845 1082 1083,1448 1445 1447 1442 1443 1458,1559,576,18 10 7 701836 569493 2350
61,585,1077 1078 799 1079 1020 853 1080 1081 845 1082 1083,1448 1445 1447 1442 1443 1458,1559,577,125 112 10 701836 569493 2350
61,585,1077 1078 799 1079 1020 853 1080 1081 845 1082 1083,1448 1445 1447 1442 1443 1458,1559,533,1933 1540 23 701836 569493 2350
61,585,1077 1078 799 1079 1020 853 1080 1081 845 1082 1083,1448 1445 1447 1442 1443 1458,1559,578,226529 234041 850 701836 569493 2350
61,585,1077 1078 799 1079 1020 853 1080 1081 845 1082 1083,1448 1445 1447 1442 1443 1458,1559,579,80667 33833 50 701836 569493 2350
61,585,1077 1078 799 1079 1020 853 1080 1081 845 1082 1083,1448 1445 1447 1442 1443 1458,1559,580,182 84 22 701836 569493 2350
61,585,1077 1078 799 1079 1020 853 1080 1081 845 1082 1083,1448 1445 1447 1442 1443 1458,1559,581,569 72 6 701836 569493 2350
61,585,1077 1078 799 1079 1020 853 1080 1081 845 1082 1083,1448 1445 1447 1442 1443 1458,1559,582,89228 22815 143 701836 569493 2350
61,585,1077 1078 799 1079 1020 853 1080 1081 845 1082 1083,1448 1445 1447 1442 1443 1458,1559,583,1636 1274 4 701836 569493 2350
61,585,1077 1078 799 1079 1020 853 1080 1081 845 1082 1083,1448 1445 1447 1442 1443 1458,1559,584,19 12 1 701836 569493 2350
65,600,1115 1116 1117 768 1118 1119 865 1120 1121 1122 767 1123 1124 1125 1126 1127 1128 1129 1130 1131,1445 1443 1444 1447 1457 1441 1442,1531,259,1655 966 46 1667 966 48
65,600,1115 1116 1117 768 1118 1119 865 1120 1121 1122 767 1123 1124 1125 1126 1127 1128 1129 1130 1131,1445 1443 1444 1447 1457 1441 1442,1531,373,12 0 2 1667 966 48
66,604,1132 799 962 861 1133 1134 1135 1136 1137 1138,1448 1441 1445 1472 1447 1464 1469 1443 1494 1495 1496,1559,601,7 3 4 498902 386937 1377
66,604,1132 799 962 861 1133 1134 1135 1136 1137 1138,1448 1441 1445 1472 1447 1464 1469 1443 1494 1495 1496,1559,396,1 1 1 498902 386937 1377
66,604,1132 799 962 861 1133 1134 1135 1136 1137 1138,1448 1441 1445 1472 1447 1464 1469 1443 1494 1495 1496,1559,564,1 1 1 498902 386937 1377
66,604,1132 799 962 861 1133 1134 1135 1136 1137 1138,1448 1441 1445 1472 1447 1464 1469 1443 1494 1495 1496,1559,602,114 57 3 498902 386937 1377
66,604,1132 799 962 861 1133 1134 1135 1136 1137 1138,1448 1441 1445 1472 1447 1464 1469 1443 1494 1495 1496,1559,603,498779 386875 1368 498902 386937 1377
67,617,1139 1140 1141 799,1444 1447 1458,1561,605,6 2 1 68954 52432 691
67,617,1139 1140 1141 799,1444 1447 1458,1561,606,8 36 4 68954 52432 691
67,617,1139 1140 1141 799,1444 1447 1458,1561,607,176 121 2 68954 52432 691
67,617,1139 1140 1141 799,1444 1447 1458,1561,608,230 102 6 68954 52432 691
67,617,1139 1140 1141 799,1444 1447 1458,1561,609,29 4 5 68954 52432 691
67,617,1139 1140 1141 799,1444 1447 1458,1561,262,1 2 1 68954 52432 691
67,617,1139 1140 1141 799,1444 1447 1458,1561,584,54 13 1 68954 52432 691
67,617,1139 1140 1141 799,1444 1447 1458,1561,610,87 29 3 68954 52432 691
67,617,1139 1140 1141 799,1444 1447 1458,1561,611,2 2 1 68954 52432 691
67,617,1139 1140 1141 799,1444 1447 1458,1561,612,18 2 1 68954 52432 691
67,617,1139 1140 1141 799,1444 1447 1458,1561,546,486 0 1 68954 52432 691
67,617,1139 1140 1141 799,1444 1447 1458,1561,613,66863 51477 656 68954 52432 691
67,617,1139 1140 1141 799,1444 1447 1458,1561,614,697 627 5 68954 52432 691
67,617,1139 1140 1141 799,1444 1447 1458,1561,615,7 7 1 68954 52432 691
67,617,1139 1140 1141 799,1444 1447 1458,1561,616,290 8 3 68954 52432 691
68,552,,,1550,551,11451 9171 30 11451 9171 30
70,619,1149 1150 1151 1152 1153,1461 1442,1544,374,2 1 2 2174 1807 60
70,619,1149 1150 1151 1152 1153,1461 1442,1544,365,2171 1805 57 2174 1807 60
70,619,1149 1150 1151 1152 1153,1461 1442,1544,184,1 1 1 2174 1807 60
71,426,,,1563,424,4941 3294 89 4941 3294 89
73,623,,1445,1538,622,8 16 1 24170 243 18
73,623,,1445,1538,489,24059 151 15 24170 243 18
73,623,,1445,1538,430,103 76 2 24170 243 18
74,624,1156 799 1157,1458,1560,275,338 139 37 338 139 37
75,550,1158 883 1159 1160 1161 1162 1163 1164,,1548,269,686 39 11 686 39 11
76,626,1154 1165 1166 1167 1168 822 1169 1170,1497 1448 1443 1447 1498,1564,625,143 13 8 143 13 8
78,629,,1448 1445 1447,1555,628,5 1 2 5 1 2
80,500,1173 1174 1175 1176 1177 1178 1179 1180,,1566,499,186 119 48 186 119 48
81,631,1181 1182 790 789 1183 1184 1185 1186 1187 1188 1189 1190 977 1191 1006 1192 1193 1194 1195 1196,1469 1472 1487 1442 1443 1483 1447 1461 1499 1500 1448 1482 1454 1453 1486 1444,1555,530,1549 1552 1 1549 1552 1
83,547,1197 901 1198 945,1448 1467 1458 1447 1445 1441 1501,1542,188,1 1 1 1 1 1
86,635,,1482 1442 1447 1458,1529,193,2 2 1 2 2 1
87,642,,1448 1444,1567,636,39519 31842 49 126468 55531 563
87,642,,1448 1444,1567,637,54499 6352 119 126468 55531 563
87,642,,1448 1444,1567,570,8905 3342 126 126468 55531 563
87,642,,1448 1444,1567,638,1228 236 10 126468 55531 563
87,642,,1448 1444,1567,639,6718 3002 29 126468 55531 563
87,642,,1448 1444,1567,640,8 4 2 126468 55531 563
87,642,,1448 1444,1567,641,15591 10753 228 126468 55531 563
88,561,1199 1101 1200 1201 985 1202 1203 1204 1102 1057,1448 1447 1441 1444 1458,1552,591,0 0 1 26384 22539 94
88,561,1199 1101 1200 1201 985 1202 1203 1204 1102 1057,1448 1447 1441 1444 1458,1552,596,1 9 1 26384 22539 94
88,561,1199 1101 1200 1201 985 1202 1203 1204 1102 1057,1448 1447 1441 1444 1458,1552,643,254 222 13 26384 22539 94
88,561,1199 1101 1200 1201 985 1202 1203 1204 1102 1057,1448 1447 1441 1444 1458,1552,592,37 14 4 26384 22539 94
88,561,1199 1101 1200 1201 985 1202 1203 1204 1102 1057,1448 1447 1441 1444 1458,1552,644,1 1 1 26384 22539 94
88,561,1199 1101 1200 1201 985 1202 1203 1204 1102 1057,1448 1447 1441 1444 1458,1552,558,3 1 1 26384 22539 94
88,561,1199 1101 1200 1201 985 1202 1203 1204 1102 1057,1448 1447 1441 1444 1458,1552,593,5 42 1 26384 22539 94
88,561,1199 1101 1200 1201 985 1202 1203 1204 1102 1057,1448 1447 1441 1444 1458,1552,645,359 174 2 26384 22539 94
88,561,1199 1101 1200 1201 985 1202 1203 1204 1102 1057,1448 1447 1441 1444 1458,1552,594,24099 21279 19 26384 22539 94
88,561,1199 1101 1200 1201 985 1202 1203 1204 1102 1057,1448 1447 1441 1444 1458,1552,559,70 68 3 26384 22539 94
88,561,1199 1101 1200 1201 985 1202 1203 1204 1102 1057,1448 1447 1441 1444 1458,1552,597,903 548 44 26384 22539 94
88,561,1199 1101 1200 1201 985 1202 1203 1204 1102 1057,1448 1447 1441 1444 1458,1552,555,6 6 2 26384 22539 94
88,561,1199 1101 1200 1201 985 1202 1203 1204 1102 1057,1448 1447 1441 1444 1458,1552,646,646 175 2 26384 22539 94
89,647,1205 1206 1207 1208 1142 1209 1210 1211 768 767 792 1212 1213 1214 1034,1489,1547,232,14 15 3 14370 11302 256
89,647,1205 1206 1207 1208 1142 1209 1210 1211 768 767 792 1212 1213 1214 1034,1489,1547,501,1 1 1 14370 11302 256
89,647,1205 1206 1207 1208 1142 1209 1210 1211 768 767 792 1212 1213 1214 1034,1489,1547,520,14355 11286 252 14370 11302 256
90,648,,,1559,548,177 1 3 177 1 3
91,561,1215 1022 1216 1217 1218 1219,1448 1482 1447,1545,591,0 0 1 241 33 9
91,561,1215 1022 1216 1217 1218 1219,1448 1482 1447,1545,649,202 0 2 241 33 9
91,561,1215 1022 1216 1217 1218 1219,1448 1482 1447,1545,558,5 3 2 241 33 9
91,561,1215 1022 1216 1217 1218 1219,1448 1482 1447,1545,555,2 2 2 241 33 9
91,561,1215 1022 1216 1217 1218 1219,1448 1482 1447,1545,559,28 28 1 241 33 9
91,561,1215 1022 1216 1217 1218 1219,1448 1482 1447,1545,572,4 0 1 241 33 9
92,650,,1448 1447,1567,560,955 123 14 955 123 14
95,654,1235 1236 1237 1238,1469 1474 1475 1459 1442 1447 1443 1472,1559,503,29 16 12 29 16 12
100,667,1251 1252 799 962 1253 934,1441 1448 1462 1447 1484 1470 1445 1457,1563,666,2716050 1190979 271 2716385 1191135 275
100,667,1251 1252 799 962 1253 934,1441 1448 1462 1447 1484 1470 1445 1457,1563,652,335 156 4 2716385 1191135 275
101,668,,1445 1444,1548,622,391 85 74 406 90 77
101,668,,1445 1444,1548,467,15 5 3 406 90 77
102,669,,1448 1472 1447 1469 1451 1445 1443 1492 1460 1442,1569,247,27015 5753 178 27056 5780 179
102,669,,1448 1472 1447 1469 1451 1445 1443 1492 1460 1442,1569,586,41 27 1 27056 5780 179
104,671,,1448 1445 1441 1443 1444 1457 1447 1442 1450 1502,1546,628,69310 11921 484 69310 11921 484
106,674,,1497 1448,1565,620,215 20 8 216 21 9
106,674,,1497 1448,1565,673,1 1 1 216 21 9
107,678,1257 799,1448 1472 1474 1469 1442 1447,1562,675,271 216 4 37496 38139 362
107,678,1257 799,1448 1472 1474 1469 1442 1447,1562,673,1 1 1 37496 38139 362
107,678,1257 799,1448 1472 1474 1469 1442 1447,1562,676,6974 7756 183 37496 38139 362
107,678,1257 799,1448 1472 1474 1469 1442 1447,1562,677,30250 30166 174 37496 38139 362
108,590,1258 908 1085 1259 1260 1091 1095 1261,1448 1441 1447 1457 1458 1445,1544,587,3929 837 16 201099 113602 168
108,590,1258 908 1085 1259 1260 1091 1095 1261,1448 1441 1447 1457 1458 1445,1544,589,127941 87288 141 201099 113602 168
108,590,1258 908 1085 1259 1260 1091 1095 1261,1448 1441 1447 1457 1458 1445,1544,588,69229 25477 11 201099 113602 168
109,585,861 1081 1262 1263 1080,1448 1447,1565,577,9 9 1 5769 9095 120
109,585,861 1081 1262 1263 1080,1448 1447,1565,582,171 129 7 5769 9095 120
109,585,861 1081 1262 1263 1080,1448 1447,1565,578,3438 7894 24 5769 9095 120
109,585,861 1081 1262 1263 1080,1448 1447,1565,679,233 0 1 5769 9095 120
109,585,861 1081 1262 1263 1080,1448 1447,1565,579,161 66 14 5769 9095 120
109,585,861 1081 1262 1263 1080,1448 1447,1565,573,1653 984 62 5769 9095 120
109,585,861 1081 1262 1263 1080,1448 1447,1565,571,104 13 11 5769 9095 120
110,681,862 1264 767 768 1265 1266 925 1267 1268 1269 1270 1271 1272,1469 1443 1486 1460,1540,680,6035 1238 285 6035 1238 285
111,561,1273 1274 1275 1276 1277 1057,1493 1491 1447 1459,1535,554,0 0 1 511 94 11
111,561,1273 1274 1275 1276 1277 1057,1493 1491 1447 1459,1535,556,296 82 6 511 94 11
111,561,1273 1274 1275 1276 1277 1057,1493 1491 1447 1459,1535,558,3 1 1 511 94 11
111,561,1273 1274 1275 1276 1277 1057,1493 1491 1447 1459,1535,682,201 0 1 511 94 11
111,561,1273 1274 1275 1276 1277 1057,1493 1491 1447 1459,1535,559,11 11 2 511 94 11
112,694,,1445 1447 1458 1443,1542,683,160 15 5 66186 33401 133
112,694,,1445 1447 1458 1443,1542,684,203 0 1 66186 33401 133
112,694,,1445 1447 1458 1443,1542,685,3825 654 27 66186 33401 133
112,694,,1445 1447 1458 1443,1542,686,18 11 7 66186 33401 133
112,694,,1445 1447 1458 1443,1542,687,21995 12979 7 66186 33401 133
112,694,,1445 1447 1458 1443,1542,688,9713 72 6 66186 33401 133
112,694,,1445 1447 1458 1443,1542,689,9935 9912 1 66186 33401 133
112,694,,1445 1447 1458 1443,1542,690,7231 2963 43 66186 33401 133
112,694,,1445 1447 1458 1443,1542,691,12930 6631 20 66186 33401 133
112,694,,1445 1447 1458 1443,1542,692,19 3 6 66186 33401 133
112,694,,1445 1447 1458 1443,1542,693,157 161 10 66186 33401 133
113,700,1278 1106 1279 1105 1280,1441 1443 1447,1565,662,12 12 1 12778 2287 167
113,700,1278 1106 1279 1105 1280,1441 1443 1447,1565,695,371 49 4 12778 2287 167
113,700,1278 1106 1279 1105 1280,1441 1443 1447,1565,696,6 6 1 12778 2287 167
113,700,1278 1106 1279 1105 1280,1441 1443 1447,1565,697,19 0 1 12778 2287 167
113,700,1278 1106 1279 1105 1280,1441 1443 1447,1565,698,89 36 3 12778 2287 167
113,700,1278 1106 1279 1105 1280,1441 1443 1447,1565,660,12164 2144 154 12778 2287 167
113,700,1278 1106 1279 1105 1280,1441 1443 1447,1565,699,117 40 3 12778 2287 167
114,701,799 1281 870 1282 1283 1284 1285 1286 1287 1288 1289,1448 1441 1445 1457 1447 1458,1549,403,163271 120134 982 257003 174509 1699
114,701,799 1281 870 1282 1283 1284 1285 1286 1287 1288 1289,1448 1441 1445 1457 1447 1458,1549,404,93732 54375 717 257003 174509 1699
115,544,853 1023 1021 1022 1024 799,1448 1477 1447,1529,535,8037 2698 33 25920 12280 115
115,544,853 1023 1021 1022 1024 799,1448 1477 1447,1529,536,8 8 1 25920 12280 115
115,544,853 1023 1021 1022 1024 799,1448 1477 1447,1529,534,285 39 4 25920 12280 115
115,544,853 1023 1021 1022 1024 799,1448 1477 1447,1529,538,1 1 1 25920 12280 115
115,544,853 1023 1021 1022 1024 799,1448 1477 1447,1529,539,87 86 7 25920 12280 115
115,544,853 1023 1021 1022 1024 799,1448 1477 1447,1529,540,12 12 1 25920 12280 115
115,544,853 1023 1021 1022 1024 799,1448 1477 1447,1529,541,32 1 3 25920 12280 115
115,544,853 1023 1021 1022 1024 799,1448 1477 1447,1529,532,6 144 1 25920 12280 115
115,544,853 1023 1021 1022 1024 799,1448 1477 1447,1529,543,44 9 2 25920 12280 115
115,544,853 1023 1021 1022 1024 799,1448 1477 1447,1529,542,17408 9282 62 25920 12280 115
119,708,1103 1306 1307 1308 1309 922 1310,,1536,706,2384 20 1 2504 30 3
119,708,1103 1306 1307 1308 1309 922 1310,,1536,662,7 10 1 2504 30 3
119,708,1103 1306 1307 1308 1309 922 1310,,1536,707,113 0 1 2504 30 3
120,710,,1448 1445 1441 1457,1543,709,15890 8816 54 15890 8816 54
122,694,1311 980 1104,1447 1458,1542,684,204 2 2 107169 121947 277
122,694,1311 980 1104,1447 1458,1542,512,278 4 1 107169 121947 277
122,694,1311 980 1104,1447 1458,1542,687,91797 90868 41 107169 121947 277
122,694,1311 980 1104,1447 1458,1542,504,66 44 1 107169 121947 277
122,694,1311 980 1104,1447 1458,1542,690,10686 29158 92 107169 121947 277
122,694,1311 980 1104,1447 1458,1542,683,481 76 18 107169 121947 277
122,694,1311 980 1104,1447 1458,1542,685,2434 681 50 107169 121947 277
122,694,1311 980 1104,1447 1458,1542,686,15 46 12 107169 121947 277
122,694,1311 980 1104,1447 1458,1542,689,11 11 9 107169 121947 277
122,694,1311 980 1104,1447 1458,1542,494,460 92 6 107169 121947 277
122,694,1311 980 1104,1447 1458,1542,691,539 314 12 107169 121947 277
122,694,1311 980 1104,1447 1458,1542,692,178 631 29 107169 121947 277
122,694,1311 980 1104,1447 1458,1542,693,20 20 4 107169 121947 277
123,550,799 1312 1313 908 1314 1315 1316,1448 1447,1551,269,4933 2055 70 4933 2055 70
125,561,,1448 1447,1533,649,202 0 1 202 0 1
126,710,,1441 1445 1457 1447,1546,709,221 13 5 221 13 5
127,714,1320,1448 1445 1460 1447,1543,684,6 4 4 4609 2012 111
127,714,1320,1448 1445 1460 1447,1543,713,961 520 4 4609 2012 111
127,714,1320,1448 1445 1460 1447,1543,688,723 127 22 4609 2012 111
127,714,1320,1448 1445 1460 1447,1543,706,200 31 3 4609 2012 111
127,714,1320,1448 1445 1460 1447,1543,584,2719 1330 78 4609 2012 111
128,510,1321 1322 1323 1324 862 1325,,1563,509,367 77 12 367 77 12
129,715,768 1326 963 1327 1328 1329 1330 1331 767 1332 853 1333 1334 1335 1336 1337 1338 1339,,1563,184,2 2 1 2 2 1
130,561,1340 985 1199 1341 1102 1342 1101 1057,1447,1542,596,1 10 1 7915 5174 112
130,561,1340 985 1199 1341 1102 1342 1101 1057,1447,1542,643,3 2 1 7915 5174 112
130,561,1340 985 1199 1341 1102 1342 1101 1057,1447,1542,592,403 239 6 7915 5174 112
130,561,1340 985 1199 1341 1102 1342 1101 1057,1447,1542,593,6434 4552 65 7915 5174 112
130,561,1340 985 1199 1341 1102 1342 1101 1057,1447,1542,558,3 1 1 7915 5174 112
130,561,1340 985 1199 1341 1102 1342 1101 1057,1447,1542,594,268 169 6 7915 5174 112
130,561,1340 985 1199 1341 1102 1342 1101 1057,1447,1542,559,60 59 3 7915 5174 112
130,561,1340 985 1199 1341 1102 1342 1101 1057,1447,1542,597,281 59 27 7915 5174 112
130,561,1340 985 1199 1341 1102 1342 1101 1057,1447,1542,646,462 83 2 7915 5174 112
131,544,,1482 1469 1447 1472 1442 1475 1458,1570,537,4 0 1 1134 518 7
131,544,,1482 1469 1447 1472 1442 1475 1458,1570,541,1 1 1 1134 518 7
131,544,,1482 1469 1447 1472 1442 1475 1458,1570,598,1129 517 5 1134 518 7
132,716,,1443 1469 1446 1448 1447 1504,1566,580,291052 7 8 291052 7 8
133,561,1078 1104 799 1101 985 1102 1103 1057,1447 1458,1536,591,0 0 1 6358 1569 121
133,561,1078 1104 799 1101 985 1102 1103 1057,1447 1458,1536,593,0 37 1 6358 1569 121
133,561,1078 1104 799 1101 985 1102 1103 1057,1447 1458,1536,558,3 1 1 6358 1569 121
133,561,1078 1104 799 1101 985 1102 1103 1057,1447 1458,1536,597,315 89 31 6358 1569 121
133,561,1078 1104 799 1101 985 1102 1103 1057,1447 1458,1536,592,37 0 1 6358 1569 121
133,561,1078 1104 799 1101 985 1102 1103 1057,1447 1458,1536,596,1 9 1 6358 1569 121
133,561,1078 1104 799 1101 985 1102 1103 1057,1447 1458,1536,594,5345 1422 79 6358 1569 121
133,561,1078 1104 799 1101 985 1102 1103 1057,1447 1458,1536,559,93 10 4 6358 1569 121
133,561,1078 1104 799 1101 985 1102 1103 1057,1447 1458,1536,646,279 0 1 6358 1569 121
133,561,1078 1104 799 1101 985 1102 1103 1057,1447 1458,1536,557,285 1 1 6358 1569 121
134,561,1343 1344 1345 1346 1347 1348,1443 1448 1464 1447,1530,649,203 0 1 203 0 1
135,561,,1448,1542,596,202 0 1 202 0 1
137,718,,,1571,356,1133 132 49 1133 132 49
138,721,,1443 1469,1549,719,7 5 1 72 5 2
138,721,,1443 1469,1549,720,65 0 1 72 5 2
139,722,,,1531,352,347 167 21 347 167 21
140,723,1349 1350 1351 1352,1457 1454 1445 1441 1505 1447 1486 1458,1543,257,58 22 8 58 22 8
142,561,1103 799 1101 1342 1104 1102 1358 1057 985,1447,1542,591,0 0 1 3452 2533 73
142,561,1103 799 1101 1342 1104 1102 1358 1057 985,1447,1542,593,486 271 10 3452 2533 73
142,561,1103 799 1101 1342 1104 1102 1358 1057 985,1447,1542,559,265 76 4 3452 2533 73
142,561,1103 799 1101 1342 1104 1102 1358 1057 985,1447,1542,592,164 61 7 3452 2533 73
142,561,1103 799 1101 1342 1104 1102 1358 1057 985,1447,1542,558,6 0 1 3452 2533 73
142,561,1103 799 1101 1342 1104 1102 1358 1057 985,1447,1542,645,1731 534 2 3452 2533 73
142,561,1103 799 1101 1342 1104 1102 1358 1057 985,1447,1542,594,5 21 4 3452 2533 73
142,561,1103 799 1101 1342 1104 1102 1358 1057 985,1447,1542,725,21 0 1 3452 2533 73
142,561,1103 799 1101 1342 1104 1102 1358 1057 985,1447,1542,597,406 104 35 3452 2533 73
142,561,1103 799 1101 1342 1104 1102 1358 1057 985,1447,1542,557,201 1 1 3452 2533 73
142,561,1103 799 1101 1342 1104 1102 1358 1057 985,1447,1542,726,165 1462 6 3452 2533 73
142,561,1103 799 1101 1342 1104 1102 1358 1057 985,1447,1542,727,2 3 1 3452 2533 73
144,705,,1448 1441 1443 1458 1457 1445 1447,1564,707,1 1 1 3850 3701 32
144,705,,1448 1441 1443 1458 1457 1445 1447,1564,704,205 0 1 3850 3701 32
144,705,,1448 1441 1443 1458 1457 1445 1447,1564,741,14 15 1 3850 3701 32
144,705,,1448 1441 1443 1458 1457 1445 1447,1564,662,20 25 1 3850 3701 32
144,705,,1448 1441 1443 1458 1457 1445 1447,1564,703,9 11 2 3850 3701 32
144,705,,1448 1441 1443 1458 1457 1445 1447,1564,742,3601 3649 26 3850 3701 32
145,561,974 1030 880 874 1365 1273 1057,,1546,649,0 0 1 407 366 21
145,561,974 1030 880 874 1365 1273 1057,,1546,591,0 0 1 407 366 21
145,561,974 1030 880 874 1365 1273 1057,,1546,559,107 160 5 407 366 21
145,561,974 1030 880 874 1365 1273 1057,,1546,556,297 205 13 407 366 21
145,561,974 1030 880 874 1365 1273 1057,,1546,558,3 1 1 407 366 21
146,743,,1448 1506 1507 1490 1447 1443 1491 1458 1498 1470 1451 1444,1535,603,229733 398759 191 229850 398797 206
146,743,,1448 1506 1507 1490 1447 1443 1491 1458 1498 1470 1451 1444,1535,602,117 38 15 229850 398797 206
148,528,1366 973 1367 974 880 1368 982 1025 1369 798 1370 978 980 1371 1026 986 1372,1459 1447 1442 1443 1458 1492,1555,527,54210 42179 3043 54210 42179 3043
149,705,1303 1373,1448 1458 1447,1561,713,294 76 7 3942 2346 53
149,705,1303 1373,1448 1458 1447,1561,741,3618 2268 44 3942 2346 53
149,705,1303 1373,1448 1458 1447,1561,742,30 2 2 3942 2346 53
150,664,1106 1359 1374 1375 1360 1361 1362 1363 1105 1278,1482 1441 1447 1448 1443 1446 1458 1456 1444 1442 1461,1548,698,2 3 1 68735 43150 400
150,664,1106 1359 1374 1375 1360 1361 1362 1363 1105 1278,1482 1441 1447 1448 1443 1446 1458 1456 1444 1442 1461,1548,733,1 1 1 68735 43150 400
150,664,1106 1359 1374 1375 1360 1361 1362 1363 1105 1278,1482 1441 1447 1448 1443 1446 1458 1456 1444 1442 1461,1548,737,181 187 4 68735 43150 400
150,664,1106 1359 1374 1375 1360 1361 1362 1363 1105 1278,1482 1441 1447 1448 1443 1446 1458 1456 1444 1442 1461,1548,736,19 13 4 68735 43150 400
150,664,1106 1359 1374 1375 1360 1361 1362 1363 1105 1278,1482 1441 1447 1448 1443 1446 1458 1456 1444 1442 1461,1548,738,8329 7123 89 68735 43150 400
150,664,1106 1359 1374 1375 1360 1361 1362 1363 1105 1278,1482 1441 1447 1448 1443 1446 1458 1456 1444 1442 1461,1548,730,8608 4829 27 68735 43150 400
150,664,1106 1359 1374 1375 1360 1361 1362 1363 1105 1278,1482 1441 1447 1448 1443 1446 1458 1456 1444 1442 1461,1548,735,17 0 3 68735 43150 400
150,664,1106 1359 1374 1375 1360 1361 1362 1363 1105 1278,1482 1441 1447 1448 1443 1446 1458 1456 1444 1442 1461,1548,728,350 196 3 68735 43150 400
150,664,1106 1359 1374 1375 1360 1361 1362 1363 1105 1278,1482 1441 1447 1448 1443 1446 1458 1456 1444 1442 1461,1548,739,75 5 1 68735 43150 400
150,664,1106 1359 1374 1375 1360 1361 1362 1363 1105 1278,1482 1441 1447 1448 1443 1446 1458 1456 1444 1442 1461,1548,729,2249 2282 1 68735 43150 400
150,664,1106 1359 1374 1375 1360 1361 1362 1363 1105 1278,1482 1441 1447 1448 1443 1446 1458 1456 1444 1442 1461,1548,732,25 15 1 68735 43150 400
150,664,1106 1359 1374 1375 1360 1361 1362 1363 1105 1278,1482 1441 1447 1448 1443 1446 1458 1456 1444 1442 1461,1548,731,205 35 6 68735 43150 400
150,664,1106 1359 1374 1375 1360 1361 1362 1363 1105 1278,1482 1441 1447 1448 1443 1446 1458 1456 1444 1442 1461,1548,661,37 2 1 68735 43150 400
150,664,1106 1359 1374 1375 1360 1361 1362 1363 1105 1278,1482 1441 1447 1448 1443 1446 1458 1456 1444 1442 1461,1548,699,2 2 1 68735 43150 400
150,664,1106 1359 1374 1375 1360 1361 1362 1363 1105 1278,1482 1441 1447 1448 1443 1446 1458 1456 1444 1442 1461,1548,594,25 5 1 68735 43150 400
150,664,1106 1359 1374 1375 1360 1361 1362 1363 1105 1278,1482 1441 1447 1448 1443 1446 1458 1456 1444 1442 1461,1548,725,7 7 2 68735 43150 400
150,664,1106 1359 1374 1375 1360 1361 1362 1363 1105 1278,1482 1441 1447 1448 1443 1446 1458 1456 1444 1442 1461,1548,659,22767 13189 118 68735 43150 400
150,664,1106 1359 1374 1375 1360 1361 1362 1363 1105 1278,1482 1441 1447 1448 1443 1446 1458 1456 1444 1442 1461,1548,696,104 23 2 68735 43150 400
150,664,1106 1359 1374 1375 1360 1361 1362 1363 1105 1278,1482 1441 1447 1448 1443 1446 1458 1456 1444 1442 1461,1548,717,2 2 1 68735 43150 400
150,664,1106 1359 1374 1375 1360 1361 1362 1363 1105 1278,1482 1441 1447 1448 1443 1446 1458 1456 1444 1442 1461,1548,695,71 4 1 68735 43150 400
150,664,1106 1359 1374 1375 1360 1361 1362 1363 1105 1278,1482 1441 1447 1448 1443 1446 1458 1456 1444 1442 1461,1548,734,275 128 12 68735 43150 400
150,664,1106 1359 1374 1375 1360 1361 1362 1363 1105 1278,1482 1441 1447 1448 1443 1446 1458 1456 1444 1442 1461,1548,662,184 58 5 68735 43150 400
150,664,1106 1359 1374 1375 1360 1361 1362 1363 1105 1278,1482 1441 1447 1448 1443 1446 1458 1456 1444 1442 1461,1548,740,25076 14686 114 68735 43150 400
150,664,1106 1359 1374 1375 1360 1361 1362 1363 1105 1278,1482 1441 1447 1448 1443 1446 1458 1456 1444 1442 1461,1548,663,124 355 1 68735 43150 400
152,617,,1444 1447,1532,584,11841 6293 118 29517 16168 245
152,617,,1444 1447,1532,606,2 2 1 29517 16168 245
152,617,,1444 1447,1532,608,461 1 2 29517 16168 245
152,617,,1444 1447,1532,607,117 235 2 29517 16168 245
152,617,,1444 1447,1532,615,4 4 2 29517 16168 245
152,617,,1444 1447,1532,609,12 5 5 29517 16168 245
152,617,,1444 1447,1532,613,14224 8371 87 29517 16168 245
152,617,,1444 1447,1532,614,1791 1178 5 29517 16168 245
152,617,,1444 1447,1532,686,6 6 2 29517 16168 245
152,617,,1444 1447,1532,616,560 4 3 29517 16168 245
152,617,,1444 1447,1532,611,2 2 1 29517 16168 245
152,617,,1444 1447,1532,612,7 2 1 29517 16168 245
152,617,,1444 1447,1532,605,21 8 8 29517 16168 245
152,617,,1444 1447,1532,610,444 33 7 29517 16168 245
152,617,,1444 1447,1532,693,25 24 1 29517 16168 245
153,746,,,1555,457,5 5 2 76 12 7
153,746,,,1555,487,70 6 4 76 12 7
153,746,,,1555,581,1 1 1 76 12 7
157,750,,,1531,551,4431 1989 8 4431 1989 8
158,752,,1448 1445 1492 1447,1549,751,1002607 1975680 605 1002607 1975680 605
159,753,,1448,1548,751,318 83 5 318 83 5
160,705,,1441 1447,1531,744,62002 13943 85 62002 13943 85
161,681,767 768 1392 1393 878 1394 798 995 1395 989,,1556,680,2546 440 162 2546 440 162
162,754,1273 1396 1397 822 1398 1399 1400 1049,1454,1535,560,8214 200 14 8214 200 14
163,755,1401 1402 1239 1403,1472 1443 1445 1491 1469 1487 1482 1448 1447 1475 1453 1466 1442 1456 1441 1483 1522 1450 1486 1458 1474 1523 1504 1451 1457 1459 1508 1524 1473 1525 1444,1568,357,8483 8111 279 8483 8111 279
165,756,,1448,1537,679,1280 196 27 1280 196 27
167,758,1411 1412 1413 1273 1414 1276 1415,1447,1544,682,5173 2236 198 5173 2236 198
169,760,,,1562,662,97 15 12 102 15 13
169,760,,,1562,707,5 0 1 102 15 13
170,402,,1448 1451 1447,1558,387,8134 4547 42 8134 4547 42
171,761,,1448 1441 1456 1447,1556,697,741 112 6 741 112 6
174,678,1257 799 1424 802,1448,1563,675,83 62 3 5356 5963 67
174,678,1257 799 1424 802,1448,1563,676,10 10 7 5356 5963 67
174,678,1257 799 1424 802,1448,1563,677,5263 5891 57 5356 5963 67
175,762,,1448 1454 1442 1447,1551,601,46932 4469 184 46932 4469 184
176,561,1294 1425 1426 1427 1428 1429 1430 1304 1431 1432 1433 1434,1445 1507 1469 1491 1448 1443 1456 1459 1447 1492 1442 1526 1472 1509 1460 1527 1457,1572,591,0 0 3 201 0 4
176,561,1294 1425 1426 1427 1428 1429 1430 1304 1431 1432 1433 1434,1445 1507 1469 1491 1448 1443 1456 1459 1447 1492 1442 1526 1472 1509 1460 1527 1457,1572,644,201 0 1 201 0 4
177,763,,1448 1493 1442,1567,524,97 193 2 97 193 2
178,681,1254 767 768 1435 815 1436 1437 822 1438,1489 1469 1447 1442 1443 1491,1562,680,14706 1379 244 14706 1379 244
179,764,,1448 1441 1477 1447 1470 1458,1573,666,98718 20439 72 98718 20439 72
180,765,,1443 1528 1489 1487 1472 1442 1445 1500 1469 1457 1447 1504,1562,562,705393 228510 125 705393 228510 125
181,561,1057 1439 1139 1256 985 1440 1319 1080,1441 1445 1447 1443 1458,1536,649,285 0 3 7235 6919 22
181,561,1057 1439 1139 1256 985 1440 1319 1080,1441 1445 1447 1443 1458,1536,555,4 4 1 7235 6919 22
181,561,1057 1439 1139 1256 985 1440 1319 1080,1441 1445 1447 1443 1458,1536,558,3 1 1 7235 6919 22
181,561,1057 1439 1139 1256 985 1440 1319 1080,1441 1445 1447 1443 1458,1536,559,17 13 4 7235 6919 22
181,561,1057 1439 1139 1256 985 1440 1319 1080,1441 1445 1447 1443 1458,1536,651,6902 6879 8 7235 6919 22
181,561,1057 1439 1139 1256 985 1440 1319 1080,1441 1445 1447 1443 1458,1536,759,24 22 5 7235 6919 22
182,561,,1448 1441 1445 1447 1457 1458,1561,712,16747 4975 35 26599 17187 93
182,561,,1448 1441 1445 1447 1457 1458,1561,644,34 34 3 26599 17187 93
182,561,,1448 1441 1445 1447 1457 1458,1561,592,1606 333 9 26599 17187 93
182,561,,1448 1441 1445 1447 1457 1458,1561,591,14 223 1 26599 17187 93
182,561,,1448 1441 1445 1447 1457 1458,1561,594,8188 11620 44 26599 17187 93
182,561,,1448 1441 1445 1447 1457 1458,1561,726,10 2 1 26599 17187 93
