0 429
0 2022
0 2023
0 2024
0 2097
1 431
1 2025
1 430 1 1 1
1 2098
2 433
2 432 4975 3117 14
2 2099
3 435
3 434 3583 2866 169
3 2100
4 439
4 2026
4 436 15 6 2
4 437 83 0 1
4 438 9505230 4756045 59
4 2101
5 441
5 440 315 96 17
5 2102
6 443
6 442 2244 809 91
6 2103
7 445
7 2025
7 444 1212 322 180
7 2104
8 441
8 440 106 32 11
8 2105
9 446
9 1156
9 1157
9 1158
9 2027
9 2106
10 447
10 1159
10 1160
10 1161
10 2107
11 450
11 2025
11 448 87 162 8
11 449 8798 609 16
11 2107
12 452
12 2026
12 451 2376 1267 49
12 2098
13 454
13 453 10369 109 64
13 2108
14 456
14 2025
14 2026
14 455 1323 943 22
14 2109
15 458
15 457 452 39 10
15 2110
16 441
16 440 724 8 3
16 2111
17 445
17 444 23098 7 14
17 2107
18 459
18 2028
18 2100
19 461
19 2028
19 460 1175 200 32
19 2097
20 463
20 2025
20 2023
20 2026
20 462 168823 971 303
20 2102
21 465
21 2025
21 2026
21 464 120529 3829 108
21 2112
22 466
22 2113
23 467
23 2026
23 2114
24 468
24 2109
25 470
25 469 574 371 117
25 2115
26 471
26 2097
27 454
27 453 823 67 14
27 2116
28 472
28 2111
29 473
29 1162
29 1163
29 1164
29 1165
29 1166
29 1167
29 1168
29 1169
29 1170
29 2117
30 474
30 2029
30 2023
30 2118
31 454
31 453 1486 5 9
31 2108
32 475
32 2107
33 476
33 2030
33 2026
33 2028
33 2027
33 2031
33 2106
34 477
34 2025
34 2026
34 2031
34 2110
35 454
35 453 1029 1 4
35 2108
36 478
36 2026
36 2032
36 2031
36 2119
37 454
37 453 677 5 5
37 2108
38 454
38 453 1283 68 35
38 2108
39 479
39 2026
39 2120
40 480
40 2121
41 481
41 2122
42 482
42 2106
43 483
43 1164
43 1168
43 2025
43 2026
43 2123
44 441
44 440 2887 936 52
44 2105
45 484
45 2106
46 488
46 485 13 1 3
46 486 8 0 2
46 487 21 2 5
46 2124
47 489
47 2125
48 454
48 453 1556 31 18
48 2116
49 490
49 2126
50 491
50 434 2251 1406 39
50 2100
51 492
51 2028
51 2125
52 493
52 2122
53 494
53 2117
54 495
54 2127
55 496
55 2030
55 2026
55 2114
56 497
56 2117
57 498
57 2026
57 2122
58 506
58 2026
58 2031
58 499 2 1 2
58 500 7 1 2
58 501 13 1 4
58 502 236 223 22
58 503 2 1 2
58 504 2 1 2
58 505 2 1 2
58 2110
59 507
59 2033
59 2032
59 2102
60 508
60 2117
61 509
61 2117
62 510
62 2121
63 514
63 511 3 0 3
63 512 6 1 5
63 513 4 0 3
63 2111
64 515
64 2024
64 2028
64 2022
64 2032
64 2030
64 2026
64 2029
64 2034
64 2033
64 2117
65 450
65 2025
65 449 3024 1506 10
65 2106
66 516
66 2025
66 2035
66 2026
66 2128
67 517
67 2029
67 2107
68 523
68 2025
68 518 0 0 1
68 519 59 92 1
68 520 4 2 2
68 521 1 1 1
68 448 119 181 15
68 449 8707 517 11
68 522 37 38 3
68 2107
69 524
69 2125
70 525
70 2129
71 526
71 2025
71 2130
72 527
72 2025
72 2121
73 529
73 2025
73 528 101 27 24
73 2125
74 530
74 2125
75 531
75 1164
75 1171
75 1168
75 1172
75 1173
75 1174
75 1175
75 1176
75 1177
75 1178
75 2025
75 2129
76 532
76 2131
77 533
77 2031
77 2032
77 2111
78 534
78 2128
79 535
79 1162
79 1164
79 1179
79 1180
79 1181
79 1182
79 2025
79 2029
79 2023
79 2026
79 2123
80 536
80 2025
80 2122
81 537
81 2124
82 538
82 2025
82 2026
82 2111
83 539
83 1164
83 1183
83 1184
83 1162
83 1185
83 1186
83 2123
84 540
84 2125
85 541
85 2125
86 543
86 542 5 5 2
86 2125
87 544
87 2127
88 545
88 2025
88 2114
89 546
89 2025
89 2125
90 547
90 2113
91 548
91 2028
91 2036
91 2027
91 2030
91 2037
91 2125
92 549
92 2125
93 550
93 1162
93 1164
93 1187
93 1178
93 2025
93 2132
94 551
94 2025
94 2023
94 2130
95 552
95 2125
96 553
96 1162
96 1164
96 1168
96 1188
96 1189
96 1190
96 1191
96 2025
96 2023
96 2133
97 554
97 2025
97 2102
98 557
98 555 748 248 171
98 556 2 0 2
98 2116
99 577
99 558 3 1 3
99 499 1 1 1
99 559 7 4 3
99 560 1 0 1
99 561 10 3 5
99 486 1 1 1
99 562 1 0 1
99 563 5 1 1
99 564 2 0 1
99 565 2 1 1
99 566 1 0 1
99 567 8 0 2
99 555 1 0 1
99 568 1 1 1
99 569 126 106 16
99 570 1 0 1
99 571 2 1 1
99 464 2 0 2
99 572 1 0 1
99 573 1 3 1
99 574 1 0 1
99 575 1 0 1
99 576 2 2 1
99 556 2 0 1
99 2102
100 579
100 1192
100 1193
100 1194
100 1195
100 1196
100 1197
100 1164
100 1198
100 1199
100 519 203 0 1
100 578 1047 72 9
100 2115
101 580
101 2025
101 2102
102 581
102 2100
103 582
103 2038
103 2026
103 2110
104 583
104 2025
104 2134
105 584
105 2134
106 585
106 2025
106 2026
106 2030
106 2028
106 2031
106 2027
106 2125
107 586
107 2025
107 2120
108 587
108 2125
109 588
109 1164
109 1200
109 1168
109 1172
109 1201
109 1202
109 1203
109 1196
109 1204
109 2025
109 2132
110 590
110 2023
110 589 45861 2 4
110 2135
111 591
111 2136
112 592
112 2101
113 596
113 2028
113 2025
113 2030
113 2031
113 2039
113 2040
113 593 47 135 2
113 594 202 0 1
113 595 55368 8672 31
113 2132
114 597
114 2025
114 2097
115 598
115 2026
115 2031
115 2108
116 599
116 2102
117 600
117 2130
118 601
118 2026
118 2023
118 2122
119 602
119 2137
120 609
120 1205
120 1206
120 1161
120 1207
120 1208
120 1209
120 1210
120 2030
120 2032
120 2026
120 2037
120 603 10 13 8
120 604 7 6 5
120 605 5 3 5
120 606 9 11 10
120 607 4 3 4
120 608 4 0 4
120 513 5 3 5
120 2097
121 650
121 1206
121 1211
121 1212
121 1213
121 1214
121 1215
121 1216
121 1217
121 1218
121 1219
121 1220
121 1221
121 1222
121 2041
121 610 5 1 5
121 611 8 2 8
121 612 6 4 6
121 613 5 4 4
121 614 4 1 4
121 615 24 6 25
121 616 4 3 4
121 617 13 3 9
121 618 266 248 126
121 619 6 1 6
121 620 4 1 4
121 621 14 7 7
121 622 11 6 5
121 623 19 3 9
121 624 7 1 7
121 625 4 0 4
121 626 6 2 6
121 627 13 6 12
121 628 5 1 4
121 629 9 3 9
121 630 841 515 331
121 631 10 0 4
121 632 19 10 9
121 633 4 1 4
121 634 6 2 5
121 635 7 2 6
121 636 5 2 5
121 637 7 2 7
121 638 8 3 6
121 639 12 6 9
121 640 5 1 5
121 641 7 1 7
121 642 8 4 7
121 643 9 4 5
121 644 147 156 45
121 645 5 0 5
121 646 6 0 5
121 647 44 48 15
121 505 7 3 6
121 648 5 0 5
121 649 23 4 24
121 2130
122 654
122 1223
122 1224
122 1206
122 1225
122 1226
122 1227
122 1228
122 1229
122 1161
122 1230
122 1231
122 1232
122 651 8 1 3
122 652 2 0 2
122 644 35 35 2
122 653 4 0 4
122 2104
123 655
123 1233
123 1234
123 1161
123 1235
123 2030
123 2032
123 2027
123 521 34 33 2
123 2111
124 657
124 1236
124 1237
124 1209
124 1238
124 1239
124 1240
124 1241
124 1242
124 2042
124 2030
124 2043
124 2031
124 2028
124 2032
124 2027
124 2039
124 656 38 18 3
124 2099
125 659
125 1213
125 1211
125 1212
125 1216
125 1161
125 1243
125 1206
125 1244
125 1230
125 1232
125 1245
125 1215
125 1246
125 2041
125 2037
125 2030
125 2031
125 629 28 0 5
125 645 27 0 5
125 610 15 0 3
125 617 23 1 6
125 631 6 0 6
125 627 45 0 9
125 611 5 3 4
125 643 12 0 6
125 613 17 0 3
125 620 18 0 3
125 618 82 38 27
125 619 26 10 4
125 621 38 7 10
125 622 31 0 5
125 624 31 0 7
125 625 35 1 8
125 626 24 3 5
125 616 11 1 3
125 615 75 0 15
125 628 19 3 3
125 630 1133 6562 325
125 623 80 47 12
125 614 16 0 3
125 612 8 3 4
125 634 4 0 4
125 636 7 4 7
125 638 28 5 9
125 639 16 0 3
125 640 18 1 5
125 642 7 3 6
125 635 30 2 13
125 658 3845 3131 730
125 649 51 1 10
125 644 23 25 8
125 646 26 1 6
125 647 287 1415 81
125 633 13 1 4
125 648 25 0 5
125 2130
126 661
126 1247
126 1248
126 1249
126 1250
126 1251
126 1252
126 1164
126 1253
126 1254
126 1172
126 1255
126 2028
126 2025
126 2026
126 2027
126 660 1498680 1495806 157
126 2138
127 674
127 1206
127 1256
127 1257
127 1258
127 1187
127 1259
127 1260
127 1162
127 1261
127 1161
127 1262
127 1263
127 1264
127 1265
127 1266
127 603 0 4 2
127 567 5 0 2
127 558 3 0 3
127 565 2 1 2
127 662 6 2 2
127 663 1 0 1
127 664 1 0 1
127 562 1 0 1
127 566 1 0 1
127 665 1 0 1
127 604 1 0 1
127 666 14 5 1
127 667 102 46 52
127 668 6 4 4
127 669 1 0 1
127 575 1 0 1
127 572 1 0 1
127 670 1 0 1
127 574 1 0 1
127 671 1 0 1
127 561 12 1 8
127 559 2 1 2
127 644 198 198 4
127 571 2 0 1
127 672 1 1 1
127 570 552 72 52
127 673 1 0 1
127 2117
128 676
128 1267
128 1268
128 1269
128 1164
128 1162
128 1270
128 1271
128 1272
128 1273
128 1248
128 1274
128 1275
128 1276
128 1277
128 675 1084 556 137
128 2119
129 690
129 1164
129 1278
129 1279
129 1280
129 1281
129 1248
129 1282
129 1283
129 1284
129 1285
129 1286
129 1287
129 1288
129 1289
129 1290
129 1291
129 1292
129 1206
129 1161
129 677 1 0 1
129 566 1 0 1
129 678 1 0 1
129 679 10 2 9
129 680 1154 718 148
129 681 15 15 1
129 682 15 2 4
129 603 2 2 2
129 683 2 1 1
129 560 6 1 1
129 684 1 0 1
129 669 1 0 1
129 574 1 1 1
129 685 1 1 1
129 686 1 0 1
129 687 1 0 1
129 688 2 1 1
129 689 3 2 1
129 2104
130 692
130 1293
130 1271
130 1294
130 1295
130 1296
130 691 68 68 2
130 2125
131 693
131 1297
131 1298
131 1215
131 1299
131 1206
131 1300
131 605 4 2 1
131 2111
132 708
132 1206
132 1232
132 1231
132 1161
132 1301
132 694 2 1 1
132 695 1 0 1
132 603 1 4 3
132 696 1 0 1
132 697 1 0 1
132 698 1 0 1
132 699 2 1 2
132 564 2 0 1
132 700 2 1 1
132 701 1 0 1
132 702 2 0 2
132 703 1 0 1
132 501 5 4 2
132 678 1 0 1
132 651 1 2 2
132 512 1 0 1
132 704 2 1 1
132 705 1 0 1
132 608 2205 750 731
132 561 6 0 6
132 706 1 0 1
132 644 70 71 3
132 707 1 0 1
132 632 1 0 1
132 673 9 2 5
132 2129
133 711
133 1164
133 1278
133 1162
133 1302
133 1303
133 1304
133 1305
133 1306
133 1307
133 677 2 1 1
133 574 1 0 1
133 603 1 2 2
133 683 357 355 5
133 709 1 0 1
133 710 2 0 1
133 681 53 53 5
133 682 864 308 86
133 675 1 0 1
133 2132
134 712
134 1162
134 1164
134 1308
134 1309
134 1310
134 1276
134 1277
134 1311
134 1312
134 2124
135 714
135 713 394 92 125
135 2116
136 716
136 1313
136 1206
136 603 1 1 1
136 715 26 2 3
136 667 1740 357 221
136 695 16 0 2
136 699 17 17 3
136 504 8 0 1
136 2111
137 718
137 717 4 1 1
137 2124
138 719
138 1314
138 1315
138 1316
138 1161
138 1206
138 1317
138 1318
138 1319
138 1320
138 1321
138 1322
138 2026
138 691 6 6 1
138 715 7305 2277 179
138 2139
139 724
139 1323
139 1324
139 1325
139 1326
139 1327
139 1328
139 1329
139 1161
139 2026
139 720 1 0 1
139 571 1 0 1
139 721 2253 1010 330
139 722 2 1 2
139 567 1 0 1
139 679 68 9 40
139 723 3 0 3
139 696 1 0 1
139 673 2 1 2
139 2136
140 726
140 1330
140 1331
140 1332
140 1304
140 1333
140 1162
140 1334
140 1335
140 1336
140 1337
140 1338
140 1339
140 1246
140 1340
140 1341
140 1342
140 1343
140 1164
140 1248
140 1344
140 607 8 27 5
140 700 8 0 3
140 725 1868 1456 664
140 2124
141 727
141 1345
141 1346
141 1248
141 1347
141 1348
141 1223
141 1349
141 1350
141 1351
141 1352
141 1353
141 1354
141 1355
141 1356
141 1357
141 1358
141 1359
141 1360
141 1361
141 1362
141 2024
141 2022
141 2044
141 2031
141 2026
141 2045
141 2032
141 652 17180 9508 162
141 2114
142 728
142 1164
142 1162
142 1363
142 1364
142 1365
142 1366
142 1367
142 1368
142 2030
142 2039
142 2046
142 573 3 3 2
142 2097
143 729
143 2132
144 732
144 644 1 3 2
144 730 1 1 1
144 731 1 1 1
144 667 39 0 8
144 672 2079 1753 33
144 2098
145 734
145 1369
145 1162
145 1370
145 1371
145 1372
145 1304
145 1373
145 1298
145 1300
145 1374
145 1375
145 1206
145 1161
145 503 2 2 1
145 733 157 19 28
145 2104
146 737
146 1376
146 1377
146 1378
146 1275
146 1379
146 2028
146 2047
146 2031
146 735 79 8 2
146 736 65 10 4
146 2127
147 739
147 1380
147 1381
147 2033
147 738 198 39 17
147 2114
148 740
148 1161
148 1206
148 1382
148 1383
148 1384
148 1385
148 694 1 0 1
148 603 3 3 2
148 511 1 0 1
148 500 3 2 1
148 2124
149 741
149 1161
149 1264
149 1206
149 1230
149 665 1 0 1
149 671 1 0 1
149 663 1 0 1
149 670 1 0 1
149 723 2 0 1
149 662 3 1 1
149 571 1 0 1
149 2136
150 743
150 1386
150 1206
150 1161
150 1230
150 664 462 101 80
150 742 1 1 1
150 2130
151 746
151 1387
151 1388
151 1389
151 1390
151 1391
151 1392
151 1393
151 1394
151 1395
151 2026
151 2028
151 2048
151 2049
151 2029
151 2031
151 2042
151 2046
151 2030
151 2027
151 2050
151 2032
151 2039
151 744 1 1 1
151 745 2858 161 9
151 2106
152 747
152 1396
152 1161
152 1397
152 1398
152 1206
152 1230
152 720 1 0 1
152 730 6 5 2
152 722 2 1 2
152 696 585 249 184
152 606 1 0 1
152 2107
153 760
153 1206
153 1161
153 1399
153 1400
153 748 1 0 1
153 749 1 0 1
153 750 3 1 3
153 751 1 0 1
153 752 2 0 1
153 753 6 3 2
153 754 2 1 2
153 755 1 0 1
153 756 1 0 1
153 563 8 2 3
153 757 1 0 1
153 758 6 1 6
153 759 1 0 1
153 2129
154 762
154 1206
154 1161
154 1401
154 1402
154 1403
154 1404
154 1405
154 1406
154 1407
154 1408
154 1409
154 1410
154 1411
154 1412
154 2030
154 2031
154 761 6 3 2
154 717 5 0 1
154 707 3218 1693 351
154 2127
155 764
155 1164
155 1162
155 1413
155 1414
155 1371
155 1288
155 1189
155 1311
155 1248
155 1415
155 569 1639 1171 215
155 763 78 84 1
155 702 2 1 2
155 725 11 0 1
155 2125
156 765
156 1248
156 1416
156 2138
157 766
157 1417
157 1418
157 1164
157 1248
157 1419
157 2034
157 2121
158 768
158 1420
158 1421
158 1422
158 1423
158 1424
158 1425
158 2026
158 2031
158 767 61 42 6
158 2138
159 769
159 1426
159 1164
159 1168
159 1277
159 2120
160 771
160 1427
160 1246
160 1428
160 1429
160 1430
160 1431
160 1432
160 1433
160 1434
160 1206
160 1161
160 1435
160 1436
160 1437
160 1438
160 1439
160 1440
160 1441
160 1442
160 770 1 0 1
160 698 1796 1108 157
160 2117
161 775
161 1443
161 1444
161 1251
161 1248
161 1445
161 1184
161 1446
161 1423
161 1447
161 1448
161 1449
161 1450
161 1451
161 1452
161 1453
161 1454
161 1455
161 1456
161 1457
161 1347
161 2025
161 2026
161 772 3 3 2
161 773 2 0 1
161 774 7783 4443 318
161 2138
162 785
162 1458
162 1459
162 1460
162 1461
162 2041
162 2028
162 2022
162 2031
162 2037
162 2051
162 2027
162 2030
162 2039
162 776 70 4 2
162 777 22 3 3
162 778 3032 944 17
162 779 56960 557412 354
162 780 4 0 1
162 781 1132 1210 3
162 782 10 10 1
162 783 158 119 9
162 784 912283 535272 698
162 2131
163 790
163 1399
163 1164
163 1248
163 1462
163 1463
163 1400
163 1464
163 1465
163 1447
163 1423
163 1466
163 1467
163 1468
163 1469
163 1470
163 1471
163 1472
163 1473
163 2026
163 2032
163 2031
163 786 164264 86798 157
163 748 11543 3359 30
163 752 402 11 1
163 787 243348 164708 553
163 788 28934 57255 276
163 789 139 6 4
163 2125
164 792
164 1474
164 1161
164 1164
164 1248
164 1475
164 1168
164 1189
164 1476
164 791 69 64 3
164 2101
165 793
165 1477
165 1478
165 1227
165 1479
165 1480
165 1481
165 1482
165 1483
165 1484
165 1485
165 1486
165 2024
165 2022
165 2044
165 2052
165 2051
165 2026
165 2053
165 2054
165 2031
165 2138
166 794
166 1487
166 1488
166 1489
166 1164
166 1490
166 2026
166 436 15 6 2
166 438 9505253 4756055 66
166 437 5431309 9498786 44
166 2101
167 661
167 1172
167 1247
167 1248
167 1491
167 1447
167 1492
167 2026
167 2025
167 660 69575 68103 156
167 2138
168 796
168 1493
168 1494
168 1227
168 1495
168 1496
168 2024
168 2044
168 2031
168 2032
168 2026
168 2055
168 2022
168 795 874 16 3
168 2098
169 797
169 653 2 1 1
169 432 19106 16116 33
169 795 1 0 1
169 2122
170 798
170 2117
171 799
171 1497
171 1163
171 1375
171 1498
171 1306
171 1499
171 1500
171 1501
171 1502
171 1503
171 641 656 263 128
171 568 2 1 2
171 2122
172 579
172 1504
172 1505
172 1255
172 1168
172 1195
172 2025
172 518 0 0 1
172 521 1 1 1
172 448 57 44 4
172 800 269 0 1
172 801 3 1 1
172 522 100 150 6
172 802 31086 27498 83
172 2111
173 807
173 1400
173 1506
173 1471
173 1507
173 1508
173 1509
173 1510
173 1511
173 1512
173 1513
173 1514
173 1515
173 1516
173 1517
173 749 1 0 1
173 803 7 4 1
173 789 1 0 1
173 804 520 167 71
173 753 6 5 3
173 750 1 0 1
173 805 1 0 1
173 787 1 0 1
173 754 5 4 3
173 755 3 1 3
173 756 4 1 1
173 806 4 1 1
173 758 1 1 1
173 759 1 3 1
173 2109
174 808
174 1518
174 1519
174 1520
174 1521
174 1522
174 1206
174 1161
174 701 12 1 1
174 742 1236 942 83
174 2139
175 579
175 1306
175 1307
175 1248
175 1523
175 1447
175 1524
175 1423
175 1247
175 1164
175 1309
175 1347
175 1525
175 1237
175 1498
175 1310
175 1526
175 1168
175 1255
175 2042
175 2026
175 2025
175 2049
175 2031
175 2032
175 2028
175 2039
175 2027
175 2030
175 518 0 0 1
175 809 111 33 2
175 800 375 0 1
175 521 6 6 3
175 810 5250 469 23
175 811 22751 7720 36
175 812 2812 541 5
175 2108
176 817
176 2029
176 2025
176 2026
176 2030
176 2031
176 2056
176 2039
176 2027
176 2057
176 2028
176 2040
176 813 3596 2034 64
176 814 114023 59098 1326
176 815 43 29 3
176 816 504 219 6
176 2128
177 797
177 432 15159 12887 30
177 2122
178 817
178 2026
178 2031
178 2023
178 2057
178 814 3406881 2643240 434
178 815 318 69 8
178 816 169932 143756 35
178 813 6422745 4792804 25
178 2123
179 818
179 1527
179 1528
179 1529
179 2101
180 823
180 1530
180 1400
180 1531
180 2026
180 2055
180 2032
180 819 851 26 3
180 803 3 3 3
180 757 2 2 1
180 820 4 4 1
180 821 6894 2655 9
180 822 109 73 6
180 751 866 615 14
180 805 241 0 1
180 689 6 110 1
180 2113
181 825
181 1162
181 1164
181 1277
181 1168
181 1187
181 1384
181 1532
181 1310
181 1450
181 1533
181 2025
181 2026
181 824 780610 120023 210
181 2102
182 785
182 1525
182 1497
182 1534
182 2041
182 2037
182 779 20 9 2
182 778 343 230 49
182 826 363 262 5
182 827 117 2 2
182 828 13526 11060 78
182 777 35 5 1
182 784 1691 1689 5
182 800 102 0 2
182 781 138 138 6
182 829 2660 356 22
182 2102
183 690
183 1535
183 1164
183 1536
183 1537
183 1538
183 1539
183 1540
183 1541
183 1542
183 1207
183 1543
183 1306
183 1544
183 1545
183 1546
183 603 1 1 1
183 709 3 2 1
183 680 252 85 36
183 704 2 2 2
183 2104
184 830
184 1547
184 1548
184 1549
184 1161
184 1550
184 1551
184 1552
184 1553
184 1554
184 1555
184 1206
184 1556
184 1557
184 1558
184 1559
184 1560
184 1561
184 1562
184 1563
184 1564
184 2028
184 2026
184 2037
184 2031
184 2027
184 2030
184 2032
184 658 1655 966 46
184 697 12 0 2
184 2115
185 579
185 1565
185 1566
185 1164
185 1168
185 2026
185 2025
185 831 0 0 1
185 519 201 0 1
185 2099
186 832
186 2129
187 833
187 1300
187 1567
187 1161
187 1568
187 1569
187 1570
187 1571
187 1572
187 1573
187 1574
187 1575
187 1576
187 1577
187 2117
188 834
188 1304
188 1209
188 1578
188 1579
188 1580
188 1581
188 1582
188 1391
188 1583
188 1584
188 1585
188 1586
188 1587
188 1246
188 2128
189 835
189 1588
189 1589
189 1590
189 1591
189 1592
189 1305
189 1593
189 1594
189 770 186 119 48
189 2111
190 579
190 1195
190 1595
190 1596
190 1172
190 1276
190 1597
190 1598
190 1547
190 2025
190 2031
190 518 0 0 1
190 801 3 1 1
190 522 3 3 1
190 836 34 35 2
190 837 19 5 1
190 594 202 0 2
190 838 3395 1167 31
190 2134
191 840
191 2026
191 839 13950 26 5
191 2133
192 841
192 1599
192 1600
192 1234
192 1601
192 1602
192 1603
192 2030
192 2028
192 644 129 129 1
192 2140
193 842
193 1450
193 1443
193 1451
193 1448
193 1604
193 772 3 0 1
193 773 2 0 1
193 774 6256 3551 164
193 2138
194 843
194 1215
194 1243
194 1605
194 1606
194 1235
194 1607
194 1214
194 1608
194 1609
194 1234
194 1233
194 1610
194 1611
194 1612
194 1613
194 1614
194 1615
194 641 56 23 1
194 637 606 322 36
194 2101
195 844
195 1616
195 1617
195 1618
195 1619
195 1277
195 1620
195 1621
195 1622
195 1161
195 1206
195 1230
195 1623
195 1624
195 1625
195 1189
195 2033
195 487 1 0 1
195 644 14 15 3
195 731 1 1 1
195 761 14355 11286 252
195 2124
196 845
196 710 703 88 32
196 2133
197 847
197 1446
197 1492
197 1174
197 1172
197 1626
197 1162
197 1627
197 1168
197 1628
197 1629
197 1164
197 1630
197 1631
197 1463
197 2025
197 2026
197 2032
197 846 447333 354004 185
197 2113
198 579
198 1632
198 1164
198 1633
198 1634
198 1635
198 2026
198 2025
198 2031
198 2039
198 848 4 0 1
198 849 565 226 21
198 809 34 0 2
198 519 19 0 1
198 850 563 70 11
198 851 11 6 3
198 852 22218 4 3
198 853 3 3 2
198 802 15 14 6
198 854 28 14 2
198 521 1 1 1
198 855 117471 50 9
198 856 210 403 8
198 857 230 4860 10
198 810 203 0 1
198 858 215 5 2
198 2133
199 860
199 1636
199 1637
199 1638
199 1639
199 1640
199 1641
199 1423
199 1249
199 1642
199 1643
199 1644
199 1645
199 1646
199 1647
199 2026
199 2031
199 859 12278973 12758990 1900
199 2133
200 579
200 1176
200 1648
200 1649
200 1650
200 1651
200 1652
200 1168
200 1310
200 1653
200 1654
200 1655
200 1162
200 1164
200 1656
200 1526
200 1657
200 2026
200 2032
200 2039
200 861 42172 28068 222
200 519 203 0 1
200 2114
201 862
201 1310
201 1658
201 1164
201 1308
201 1659
201 1162
201 1306
201 1660
201 1261
201 1661
201 1662
201 1248
201 1347
201 1663
201 1664
201 1270
201 1665
201 1461
201 2135
202 865
202 2025
202 2026
202 2057
202 2031
202 2023
202 863 4641987 274 9
202 864 8313 1410 10
202 2128
203 867
203 866 648 5 5
203 2115
204 579
204 2025
204 831 0 0 2
204 519 203 0 1
204 2118
205 870
205 868 540 125 51
205 869 30 23 3
205 2101
206 871
206 1666
206 1667
206 1668
206 1664
206 1162
206 1669
206 1248
206 1164
206 1670
206 1270
206 1671
206 1672
206 1423
206 1663
206 1673
206 1674
206 1675
206 1170
206 1384
206 1303
206 2108
207 579
207 872 10079 3047 25
207 873 1 1 1
207 810 307 0 1
207 822 2 1 1
207 2133
208 775
208 1676
208 1677
208 1206
208 1678
208 1347
208 1679
208 1680
208 1681
208 774 876 408 285
208 2118
209 807
209 2025
209 2026
209 745 941 6 4
209 820 1665 1799 10
209 786 799 0 1
209 2111
210 875
210 2025
210 874 83400 40043 10
210 2140
211 879
211 2026
211 2057
211 2031
211 2058
211 2059
211 2037
211 2060
211 2030
211 2061
211 2062
211 876 2 2 2
211 877 1 0 1
211 713 16 5 2
211 878 1523 48584 20
211 738 3 1 1
211 2118
212 881
212 1313
212 1682
212 1206
212 1161
212 1683
212 1684
212 1685
212 1686
212 1687
212 1688
212 1689
212 1690
212 1691
212 2022
212 2026
212 2063
212 2064
212 880 6035 1238 285
212 2137
213 882
213 1692
213 1693
213 1694
213 1695
213 1696
213 1697
213 1332
213 1698
213 1699
213 1700
213 1701
213 1702
213 1243
213 1703
213 1704
213 1705
213 1706
213 1707
213 1708
213 1709
213 2031
213 2124
214 884
214 1248
214 1710
214 1164
214 1711
214 1310
214 1712
214 1713
214 883 1656 125 32
214 2118
215 885
215 2120
216 887
216 2025
216 2028
216 2030
216 2027
216 886 767590 594500 1953
216 2107
217 888
217 1310
217 1164
217 1248
217 1308
217 1371
217 1714
217 1715
217 1716
217 1717
217 1492
217 2102
218 579
218 1718
218 1719
218 1720
218 1721
218 1722
218 1723
218 2025
218 2026
218 831 0 0 7
218 889 4941 1517 62
218 811 4609 1042 26
218 812 221 12 2
218 890 326 95 3
218 891 421 363 1
218 810 583 236 70
218 892 9 9 1
218 2119
219 579
219 2025
219 518 0 0 1
219 848 231 4 1
219 519 603 594 6
219 520 4 2 2
219 448 9 10 2
219 521 9 9 4
219 594 154 179 15
219 801 2 2 1
219 522 27 27 2
219 800 166 0 1
219 893 3902 3104 69
219 2108
220 895
220 1236
220 1724
220 1725
220 1726
220 1727
220 1728
220 1729
220 1730
220 1731
220 1732
220 1733
220 1734
220 1735
220 1736
220 1737
220 1164
220 1738
220 1739
220 1740
220 1741
220 2042
220 2065
220 894 161 3 2
220 2118
221 896
221 2137
222 884
222 1248
222 1164
222 1742
222 1270
222 1462
222 1743
222 1276
222 1744
222 1400
222 1745
222 1636
222 883 19880 11717 1582
222 2135
223 579
223 2030
223 2027
223 2028
223 2026
223 831 0 0 2
223 891 14462 1026 23
223 2133
224 579
224 2025
224 521 6 19 2
224 519 1034 1074 2
224 594 203 0 1
224 897 68 31 10
224 898 1839 406 78
224 2108
225 867
225 866 8718 4333 8
225 2113
226 899
226 2025
226 2028
226 2066
226 2022
226 2052
226 2026
226 2031
226 2032
226 894 2724 0 2
226 2112
227 797
227 432 13353 12198 29
227 2129
228 579
228 1746
228 1747
228 1172
228 1195
228 1162
228 1748
228 2025
228 2031
228 518 0 0 1
228 594 249 37 10
228 900 448 0 1
228 801 3 1 1
228 519 1480 2300 5
228 521 4 4 2
228 578 1 1 1
228 593 46 69 2
228 522 105 155 5
228 800 922 553 7
228 838 15918 12902 16
228 2126
229 902
229 2032
229 901 1924 136 3
229 2099
230 579
230 1749
230 1168
230 1750
230 2025
230 831 0 0 1
230 594 17317 0 2
230 903 2 2 1
230 519 16679 16679 5
230 448 4 3 1
230 874 17783 20211 41
230 578 941 637 10
230 2138
231 579
231 1595
231 1751
231 1752
231 1248
231 1753
231 1276
231 1754
231 1755
231 1195
231 1756
231 2030
231 2027
231 2028
231 518 0 0 1
231 521 2 2 2
231 827 243 0 1
231 801 3 1 1
231 594 204 2 2
231 593 1 17 1
231 522 4 4 1
231 836 54 43 4
231 838 8824 3043 42
231 2114
232 724
232 721 149 33 17
232 2117
233 904
233 767 117 71 20
233 2123
234 908
234 1710
234 1757
234 1406
234 1408
234 1758
234 1759
234 1760
234 1756
234 1761
234 2030
234 2027
234 2028
234 2039
234 2031
234 905 7861 4145 62
234 906 357 2 2
234 890 1325 1109 12
234 430 12848 8363 8
234 907 1662 1100 31
234 2128
235 579
235 2030
235 2028
235 831 0 0 2
235 891 975 490 4
235 519 203 0 1
235 909 7613 983 10
235 2108
236 910
236 684 1133 132 49
236 2106
237 911
237 1581
237 1762
237 1763
237 1306
237 1307
237 1162
237 1764
237 1585
237 1198
237 1765
237 1766
237 1767
237 1294
237 1768
237 1504
237 1769
237 1770
237 1718
237 1771
237 1772
237 457 706 74 44
237 2115
238 887
238 2026
238 886 830 169 46
238 2130
239 875
239 912 341 5 5
239 874 2858 1394 4
239 2140
240 785
240 1759
240 1525
240 2028
240 2030
240 913 253 4 3
240 914 2830 883 32
240 782 6 6 2
240 905 1 1 1
240 915 1127 12 2
240 781 56 56 2
240 916 862540 861571 134
240 2138
241 840
241 2030
241 2025
241 2031
241 839 1924 2 3
241 2133
242 870
242 868 1079 582 18
242 917 753 406 2
242 869 483 846 4
242 2134
243 579
243 1773
243 1243
243 1774
243 1775
243 1776
243 1777
243 1778
243 1222
243 1195
243 2041
243 2037
243 831 0 0 1
243 521 5 6 2
243 578 103 126 22
243 520 4 2 2
243 826 302 266 7
243 801 2 2 1
243 594 296 202 17
243 593 4 0 1
243 522 20 20 2
243 800 131 0 1
243 838 199 180 1
243 2130
244 579
244 1779
244 1780
244 1781
244 2026
244 2025
244 2028
244 2032
244 2030
244 2031
244 2039
244 2027
244 831 0 0 1
244 519 203 0 1
244 2120
245 918
245 2025
245 2026
245 2028
245 2121
246 579
246 1756
246 1782
246 1525
246 1783
246 1197
246 1784
246 1195
246 1785
246 2026
246 2028
246 518 0 0 1
246 827 190 0 1
246 520 4 2 2
246 801 2 2 1
246 919 53 29 3
246 521 3 3 3
246 519 1023 819 12
246 594 362 155 32
246 593 311 189 13
246 522 10 10 2
246 2101
247 579
247 2022
247 2052
247 2026
247 594 203 0 1
247 2108
248 921
248 1164
248 1248
248 1786
248 1787
248 1648
248 1788
248 1789
248 1790
248 1667
248 1633
248 1791
248 1792
248 1793
248 1794
248 1187
248 1795
248 1796
248 1797
248 1798
248 2026
248 2024
248 2038
248 2032
248 2031
248 2025
248 2022
248 2057
248 2034
248 2028
248 2067
248 2068
248 2048
248 2045
248 2039
248 2029
248 2069
248 920 1733068 727126 3256
248 2123
249 579
249 1799
249 1601
249 1800
249 1195
249 2030
249 2028
249 2027
249 856 2141 79 1
249 522 10 10 2
249 850 1522 477 44
249 801 3 1 1
249 857 3 3 3
249 594 3 3 1
249 2133
250 579
250 1801
250 1802
250 1277
250 2025
250 801 2 2 1
250 594 203 0 1
250 520 4 2 2
250 521 27 27 3
250 922 3894 2174 18
250 2120
251 579
251 810 332 0 1
251 2133
252 579
252 1803
252 1804
252 1805
252 1195
252 1806
252 1162
252 1807
252 1504
252 1172
252 2025
252 831 0 0 1
252 519 98 466 3
252 521 5 5 1
252 800 341 21 3
252 801 6 3 2
252 448 356 108 9
252 594 328 314 6
252 522 30 30 3
252 578 12 7 2
252 2130
253 579
253 2025
253 518 0 0 1
253 594 203 0 6
253 520 4 2 2
253 521 1 1 1
253 801 2 2 1
253 922 3732 2253 23
253 2123
254 870
254 917 325 5 5
254 869 2 0 1
254 2105
255 925
255 1161
255 1206
255 1197
255 1808
255 1809
255 1810
255 2028
255 2042
255 905 2 0 1
255 923 2 1 2
255 924 1285 455 269
255 2138
256 928
256 1309
256 1248
256 1447
256 1423
256 1811
256 1812
256 1813
256 1814
256 1815
256 1816
256 926 393 157 2
256 873 428 103 23
256 927 5606 3896 26
256 2120
257 929
257 2029
257 2026
257 2028
257 2031
257 2030
257 2070
257 2048
257 2027
257 2071
257 892 705 158 22
257 2135
258 930
258 1817
258 1818
258 1819
258 1461
258 1820
258 2024
258 2026
258 2025
258 2029
258 2022
258 2028
258 2030
258 2068
258 2057
258 2034
258 2072
258 2042
258 2037
258 2064
258 2073
258 2074
258 2031
258 2075
258 2076
258 2077
258 2078
258 2079
258 2027
258 2080
258 2081
258 2082
258 2045
258 2083
258 2041
258 2084
258 2085
258 2107
259 579
259 1821
259 1801
259 1248
259 1808
259 1523
259 1195
259 2026
259 2039
259 518 0 0 1
259 521 13 13 4
259 931 497 0 1
259 838 199 270 6
259 594 202 0 2
259 522 48 48 4
259 800 564 0 2
259 744 4 3 1
259 2120
260 933
260 2023
260 2024
260 2026
260 932 9840 1432 92
260 2138
261 579
261 1195
261 1306
261 1248
261 1168
261 1822
261 1823
261 1799
261 1800
261 2030
261 2026
261 2028
261 2027
261 2039
261 856 171 28 9
261 857 2 2 2
261 689 1 1 1
261 521 1 1 1
261 809 18 4 2
261 801 4 1 1
261 448 13 12 1
261 850 3860 1118 56
261 522 14 14 3
261 2133
262 934
262 432 4431 1989 8
262 2122
263 936
263 2025
263 857 1672 3642 31
263 935 51151 16880 157
263 2135
264 938
264 1162
264 1164
264 1168
264 1167
264 1187
264 1384
264 1749
264 2025
264 937 2425 282 67
264 2134
265 881
265 1206
265 1161
265 1824
265 1825
265 1348
265 1826
265 1246
265 1434
265 1299
265 1428
265 880 2546 440 162
265 2098
266 579
266 2031
266 2026
266 2028
266 2024
266 2057
266 2022
266 2032
266 2045
266 2023
266 594 203 0 1
266 927 14 43 3
266 926 1283 739 13
266 873 26088 2050 78
266 872 1508 1499 8
266 2107
267 939
267 1805
267 1827
267 1828
267 1164
267 1829
267 1830
267 1307
267 1498
267 2048
267 802 8214 200 14
267 2133
268 1024
268 1831
268 1832
268 1447
268 1833
268 2024
268 2026
268 2028
268 2025
268 2022
268 2055
268 2042
268 2029
268 2031
268 2044
268 2068
268 2086
268 2032
268 2034
268 2030
268 2053
268 2087
268 2049
268 2063
268 2039
268 2067
268 2088
268 2051
268 2045
268 2027
268 2057
268 2089
268 2090
268 2065
268 2091
268 2037
268 940 10130 5834 117
268 941 56910 25149 414
268 942 9140 3683 115
268 943 11338 3823 67
268 944 59997 25014 161
268 945 3094 1546 100
268 946 152 152 68
268 947 18656 7085 122
268 948 11502 2700 79
268 949 34446 18377 97
268 950 426262 10605 86
268 951 14731 2119 76
268 952 154362 78420 138
268 953 175786 108914 535
268 954 3894 1464 49
268 955 5969 2962 87
268 956 2229204 1272824 12016
268 957 8827 1690 94
268 958 7263 2240 212
268 959 17376 13098 79
268 960 3008 529 47
268 961 16023 3667 153
268 962 120934 27517 600
268 963 26608 14880 283
268 964 13924 7675 87
268 965 208045 36639 441
268 966 16192 7835 137
268 967 13056 4176 65
268 968 11021 5527 86
268 969 21386 11635 76
268 970 137231 127038 189
268 971 836 587 58
268 972 118549 43559 622
268 973 5383 2762 72
268 974 12018 2455 100
268 975 19851 5392 77
268 976 26203 6472 154
268 977 328061 137805 838
268 978 239823 239127 74
268 979 21724 3997 182
268 980 9229 1220 47
268 981 58950 31476 154
268 982 56566 42127 306
268 983 31428 5292 125
268 984 104340 91582 346
268 985 62891 19273 422
268 986 57973 26492 154
268 987 52264 19533 254
268 988 26847 16045 227
268 989 16471 8577 181
268 990 18918 122129 144
268 991 4165 771 65
268 992 40203 31368 136
268 993 13923 5663 103
268 994 1659 851 52
268 995 127714 74408 690
268 996 26890 12903 228
268 997 6433 7662 142
268 998 55494 25214 228
268 999 53017 29777 471
268 1000 42152 24434 182
268 1001 12073 10847 115
268 1002 596 597 78
268 1003 75587 12152 194
268 1004 20152 50133 270
268 1005 14662 10380 180
268 1006 5542 4171 223
268 1007 175787 110002 269
268 1008 136418 62013 505
268 1009 898 904 50
268 1010 819 423 56
268 686 8483 8111 279
268 1011 3710 6305 69
268 1012 88174 5454 171
268 1013 11367 1939 84
268 1014 11371 2368 127
268 1015 8035 1895 61
268 1016 15631 5384 63
268 1017 52145 18288 256
268 1018 22552 5931 702
268 1019 1183 8824 47
268 1020 9468 6110 62
268 1021 115921 55159 97
268 1022 27077 9314 123
268 1023 39618 22517 254
268 2098
269 1025
269 1834
269 1835
269 1836
269 905 722 181 7
269 2141
270 865
270 2025
270 2030
270 2026
270 863 330006 67 8
270 864 53635 795 11
270 2128
271 579
271 519 203 0 1
271 689 46 15 13
271 2109
272 1026
272 2026
272 2114
273 579
273 1171
273 1308
273 1164
273 1837
273 1288
273 1187
273 1198
273 1838
273 1839
273 1840
273 1841
273 1842
273 1384
273 2025
273 2092
273 831 0 0 1
273 1027 77418 168 39
273 594 202 0 2
273 520 3 2 2
273 2123
274 579
274 1756
274 1843
274 1844
274 1845
274 1846
274 1847
274 1749
274 1243
274 1197
274 1195
274 2041
274 2031
274 2039
274 518 0 0 1
274 801 3 1 1
274 578 58 15 1
274 521 22 22 3
274 594 456 65 8
274 519 93 27 2
274 780 17917 5946 69
274 1028 2026 599 13
274 2130
275 579
275 1195
275 1197
275 1848
275 1849
275 1617
275 2029
275 2027
275 2028
275 831 0 0 1
275 801 6 3 2
275 521 55 55 1
275 931 466 8 2
275 594 206 4 3
275 922 4629 2810 81
275 522 106 106 2
275 2106
276 1029
276 1850
276 1447
276 1851
276 1852
276 1853
276 1854
276 1855
276 1197
276 2030
276 2028
276 2027
276 2039
276 2119
277 939
277 1167
277 1164
277 1856
277 1857
277 1256
277 2023
277 2031
277 449 13964 3488 52
277 889 2482 38 4
277 852 18 7 1
277 1030 66 19 3
277 521 1 1 1
277 854 460 526 5
277 809 463 230 4
277 2102
278 884
278 1858
278 1859
278 883 6165 1842 270
278 2097
279 1025
279 2030
279 2072
279 2027
279 2031
279 2026
279 2028
279 2039
279 2036
279 906 1 13 1
279 1031 310307 1011 13
279 2115
280 579
280 1860
280 1423
280 1164
280 1498
280 1861
280 1862
280 1863
280 2026
280 831 0 0 1
280 1032 203 0 1
280 521 10 25 1
280 744 8 41 6
280 2119
281 1034
281 1847
281 1864
281 1504
281 1865
281 1866
281 1803
281 1867
281 1868
281 1747
281 1164
281 1869
281 1809
281 1853
281 1870
281 1871
281 1808
281 1872
281 1873
281 1874
281 1172
281 2025
281 2026
281 2028
281 2048
281 2037
281 2031
281 1033 6020025 5527285 199
281 2100
282 443
282 1648
282 1875
282 1649
282 442 1275 768 138
282 2132
283 543
283 2025
283 1035 10217 10148 5
283 542 5 5 2
283 2109
284 579
284 1032 201 0 1
284 2139
285 881
285 1876
285 1206
285 1161
285 1877
285 1162
285 1878
285 1879
285 1164
285 1880
285 2033
285 2022
285 2031
285 2032
285 2026
285 2025
285 880 14706 1379 244
285 2125
286 1036
286 2026
286 2093
286 2033
286 2055
286 2024
286 2032
286 2028
286 2052
286 2022
286 2027
286 2031
286 2051
286 804 705393 228510 125
286 2110
287 579
287 1632
287 1164
287 1633
287 1196
287 1447
287 1189
287 1881
287 1882
287 1277
287 2026
287 2031
287 2039
287 1037 0 33 1
287 848 5 1 1
287 857 1233 5745 5
287 849 31 53 3
287 802 1 1 1
287 1038 2 2 1
287 851 1975 55 13
287 2120
288 1039
288 555 1134 455 262
288 2105
289 870
289 917 225 225 1
289 868 644 317 25
289 869 16 6 6
289 2101
290 1040
290 1276
290 1883
290 1525
290 1534
290 1215
290 2041
290 829 7042 2374 55
290 2102
291 579
291 2049
291 2031
291 2028
291 2027
291 2030
291 2089
291 2039
291 2026
291 518 0 0 1
291 522 94 92 1
291 521 8 8 1
291 2111
292 1041
292 1884
292 1885
292 1886
292 1887
292 1164
292 1310
292 1281
292 688 292 50 87
292 2126
293 579
293 2025
293 518 0 0 1
293 1042 0 0 1
293 937 14834 65 2
293 520 4 2 2
293 594 202 0 1
293 857 1009 1039 5
293 521 7 11 2
293 801 2 2 1
293 519 43648 7495 12
293 593 34 34 6
293 522 18 18 4
293 2126
294 1044
294 2025
294 1043 31 826 9
294 874 21853 6 5
294 2128
295 543
295 2025
295 2026
295 542 5 5 2
295 2138
296 1046
296 2025
296 2026
296 2027
296 2030
296 2028
296 2031
296 1045 79 42 2
296 783 482595 34 10
296 2141
297 1047
297 1888
297 1889
297 1890
297 2028
297 2025
297 2026
297 2032
297 878 380906 492 18
297 2105
298 1048
298 2030
298 2028
298 912 5 0 1
298 924 4301 0 1
298 2140
299 579
299 1172
299 1891
299 1196
299 1892
299 1209
299 1447
299 1893
299 1168
299 1894
299 1596
299 1195
299 2026
299 2025
299 831 0 0 1
299 594 202 0 2
299 801 3 1 1
299 521 1 1 1
299 522 80 130 5
299 838 9213 4825 50
299 2133
300 579
300 1195
300 1895
300 1896
300 1897
300 1172
300 1898
300 1899
300 1900
300 1882
300 1277
300 1758
300 1749
300 1197
300 2025
300 518 0 0 2
300 594 223 22 8
300 916 1 2 1
300 519 85290 622 4
300 521 37 37 4
300 801 5 3 2
300 1027 1617 788 218
300 522 54 105 3
300 1049 11 11 4
300 578 15 2 1
300 2138
301 884
301 883 6623 1358 1238
301 2135
302 579
302 1195
302 1901
302 1197
302 1525
302 1902
302 1903
302 1904
302 1881
302 1905
302 2030
302 2027
302 831 0 0 1
302 518 0 0 1
302 594 234 31 11
302 519 16 17 2
302 801 6 3 2
302 448 74234 68997 82
302 521 10 10 4
302 522 10 10 1
302 838 23682 87 12
302 2101
303 579
303 1171
303 1659
303 1446
303 1906
303 1174
303 1907
303 1868
303 1195
303 1756
303 2025
303 518 0 0 1
303 848 709 808 1
303 519 55 317 2
303 521 6 6 2
303 801 4 1 1
303 448 75 64 6
303 594 87 121 8
303 827 232 17 4
303 522 14 14 1
303 893 29903 1793 71
303 2123
304 1051
304 2023
304 1050 2617 1020 370
304 2115
305 579
305 1164
305 1306
305 1756
305 1525
305 1196
305 1908
305 2030
305 2027
305 2028
305 518 0 0 1
305 801 3 1 1
305 519 4 0 1
305 594 202 1 3
305 521 6 6 3
305 593 3809 66 21
305 522 18 18 1
305 2139
306 579
306 1748
306 1746
306 1162
306 1172
306 1195
306 1747
306 1891
306 1596
306 1196
306 1892
306 2025
306 831 0 0 1
306 448 454 218 12
306 519 77 1 4
306 520 4 2 2
306 931 288 85 4
306 801 4 4 2
306 594 45 31 13
306 1052 159 0 1
306 593 4 0 1
306 522 2526 2575 5
306 810 202 0 1
306 838 121 262 9
306 2120
307 579
307 1164
307 1632
307 1447
307 1633
307 2026
307 2025
307 2031
307 2094
307 2039
307 848 5 1 1
307 849 50 13 4
307 857 66 70 2
307 858 118873 4768 2
307 1053 22 2 1
307 850 72 9 3
307 851 3 3 1
307 856 6 8 1
307 810 305 0 1
307 802 37 26 3
307 2133
308 579
308 1164
308 1632
308 1423
308 1633
308 1909
308 2026
308 2039
308 848 4 0 1
308 849 9 11 2
308 850 76 9 3
308 857 9 4 1
308 856 6 4 2
308 853 42 42 4
308 521 1 1 1
308 851 1 1 1
308 852 704 6 5
308 810 203 0 1
308 802 456 604 11
308 2120
309 1055
309 806 5 1 1
309 1054 290 123 24
309 2111
310 1057
310 2025
310 2026
310 2031
310 1056 5597 3790 25
310 2115
311 579
311 2030
311 2028
311 2027
311 1058 51 29 7
311 519 2 3 3
311 1028 14590 5080 35
311 594 203 0 1
311 831 18 177 5
311 2130
312 939
312 1248
312 1910
312 1799
312 1911
312 1897
312 1912
312 1209
312 1581
312 1800
312 1162
312 1913
312 1914
312 848 1 1 1
312 849 139 107 8
312 857 37 32 7
312 856 6 6 1
312 1037 2 3 1
312 1059 1 0 1
312 855 476 29 11
312 2115
313 579
313 1248
313 1915
313 1916
313 1917
313 1894
313 1195
313 2030
313 2027
313 2028
313 2039
313 519 993 745 1
313 801 3 1 1
313 521 1 1 1
313 850 433 194 5
313 522 10 10 2
313 1053 70525 35982 231
313 2133
314 1060
314 2025
314 935 8640 1534 70
314 2114
315 579
315 2026
315 2028
315 2027
315 2039
315 858 544 12 6
315 519 203 0 1
315 857 65 0 1
315 856 3 3 1
315 848 41 10 3
315 851 10135 85 3
315 2133
316 579
316 1164
316 1162
316 1749
316 1172
316 2028
316 2025
316 2030
316 2031
316 518 0 0 1
316 593 11695 24227 11
316 522 37 37 6
316 519 5 0 1
316 594 202 0 2
316 595 55368 8672 31
316 801 3 1 1
316 2132
317 1061
317 1400
317 1471
317 1464
317 1509
317 2025
317 2026
317 819 2361 308 4
317 821 879 0 1
317 2125
318 579
318 1195
318 1843
318 1197
318 1918
318 1756
318 2030
318 2028
318 2027
318 2031
318 594 5 5 2
318 1062 17 4 1
318 520 1 1 1
318 919 17 26 1
318 801 6 16 3
318 521 4 4 2
318 900 309 0 1
318 522 2768 120 5
318 1049 4 0 1
318 2104
319 579
319 1195
319 1919
319 1907
319 1162
319 1756
319 1749
319 2025
319 518 0 0 1
319 448 277 281 16
319 519 10273 10304 1
319 594 2 0 2
319 521 10 10 2
319 801 3 1 1
319 593 9308 14028 5
319 522 438 438 3
319 578 12 8 2
319 893 36687 22128 130
319 2103
320 1063
320 1161
320 1297
320 1920
320 1921
320 1206
320 1230
320 1922
320 1923
320 2030
320 2095
320 703 270268 195229 59
320 500 13 4 1
320 2127
321 445
321 444 592 174 160
321 2122
322 908
322 1756
322 1924
322 1925
322 1926
322 2030
322 905 16 16 3
322 923 78 21 4
322 906 1552 411 49
322 2137
323 470
323 469 1360 441 173
323 2135
324 908
324 1756
324 1761
324 2030
324 2028
324 2051
324 2027
324 2037
324 2029
324 2094
324 2031
324 903 5 1 1
324 906 358 154 3
324 909 5077 3854 39
324 905 1 1 1
324 923 95 15 4
324 2138
325 847
325 1168
325 1174
325 1927
325 1928
325 1164
325 1929
325 1172
325 1930
325 1931
325 1932
325 1162
325 1186
325 1900
325 1306
325 2025
325 2026
325 2032
325 2031
325 846 26519 4024 98
325 2135
326 1064
326 2026
326 687 32543 14421 84
326 2114
327 579
327 2025
327 2028
327 2026
327 2027
327 831 0 0 1
327 836 4097 3428 119
327 2119
328 579
328 1306
328 1164
328 1886
328 1716
328 1196
328 2025
328 831 0 0 1
328 518 0 0 1
328 593 1381 454 16
328 522 12 12 3
328 810 2 2 1
328 801 3 1 1
328 519 54 52 1
328 594 202 0 3
328 2138
329 847
329 1167
329 1168
329 1933
329 1934
329 1935
329 1172
329 1164
329 1308
329 1307
329 1184
329 1936
329 1937
329 1938
329 1939
329 1940
329 1941
329 1942
329 1178
329 1943
329 1944
329 2025
329 2026
329 2023
329 2032
329 846 199070 5464 73
329 2135
330 579
330 1306
330 1277
330 1945
330 1946
330 1196
330 2027
330 2028
330 2030
330 518 0 0 1
330 578 0 2 1
330 594 205 4 3
330 519 100 111 4
330 521 2 2 1
330 801 3 1 1
330 593 59044 28710 16
330 522 7 16 1
330 907 641 8 1
330 2132
331 1065
331 787 120 6 8
331 788 118 13 10
331 2125
332 1066
332 705 1127 622 434
332 2129
333 902
333 901 774 21 2
333 2098
334 579
334 1749
334 1423
334 1164
334 1947
334 1162
334 2025
334 831 0 0 2
334 521 3 3 1
334 801 9 3 4
334 811 8 13 2
334 448 490 22 6
334 522 12 12 1
334 837 1436 323 11
334 838 2160 305 7
334 2126
335 579
335 2026
335 2031
335 2039
335 857 214 4742 3
335 849 5 4 2
335 850 2 2 2
335 802 100442 93477 73
335 810 307 0 1
335 1038 4 4 2
335 848 4 0 1
335 2133
336 579
336 1632
336 1164
336 1633
336 1277
336 1447
336 2026
336 2031
336 2039
336 858 40873 30591 9
336 849 59 59 1
336 848 5 1 1
336 857 217 4723 3
336 2118
337 1067
337 2025
337 2028
337 2039
337 2026
337 528 18 3 1
337 854 2309214 724761 29
337 2115
338 579
338 1164
338 1248
338 1749
338 1948
338 1949
338 1950
338 1951
338 1952
338 1953
338 1197
338 1840
338 1841
338 1310
338 1954
338 2025
338 2092
338 1027 8273 72 27
338 519 202 0 4
338 2101
339 1068
339 2107
340 799
340 1883
340 1243
340 1525
340 1499
340 2041
340 641 2759 683 39
340 2131
341 579
341 1504
341 1168
341 1164
341 1172
341 1907
341 2025
341 1058 201 0 1
341 594 8 8 2
341 2126
342 579
342 1852
342 1850
342 1323
342 1955
342 1396
342 1809
342 1956
342 1957
342 1958
342 1959
342 1960
342 1195
342 2030
342 2031
342 831 0 0 1
342 906 3672 1635 75
342 801 17 7 4
342 811 36 0 1
342 594 1 12 2
342 800 292 34 17
342 521 12 12 5
342 1052 1 0 1
342 522 253 283 3
342 836 4 0 1
342 1069 70 29 2
342 2136
343 1070
343 2030
343 1043 5234 3914 70
343 2128
344 860
344 2026
344 2031
344 859 60144 5551 73
344 2120
345 785
345 2041
345 2022
345 2051
345 777 16 13 1
345 781 121 56 4
345 784 2 0 1
345 778 120 82 22
345 828 5732 1915 41
345 2139
346 579
346 2026
346 2031
346 519 203 0 1
346 2112
347 1071
347 907 330 7 8
347 2139
348 921
348 1961
348 1962
348 1963
348 1563
348 1751
348 1964
348 1965
348 1966
348 1792
348 1967
348 1968
348 1164
348 1633
348 1969
348 1308
348 1970
348 1971
348 2026
348 920 2136 1172 47
348 2123
349 908
349 1972
349 1756
349 2028
349 2026
349 2072
349 2031
349 2039
349 2030
349 914 28736 418 18
349 906 2 2 1
349 2113
350 1073
350 1072 153 92 6
350 2136
351 938
351 1749
351 1747
351 1973
351 1197
351 2025
351 521 1 1 1
351 915 554 3 5
351 2126
352 1074
352 2025
352 2139
353 1075
353 2030
353 2028
353 2027
353 909 4653 2223 87
353 2136
354 939
354 1974
354 2030
354 2028
354 857 1755 1174 45
354 1053 13344 4321 129
354 2108
355 1044
355 874 454 29 7
355 2128
356 1076
356 2031
356 2042
356 2032
356 2039
356 1032 5499 2830 473
356 2115
357 1078
357 2025
357 2026
357 2030
357 2027
357 2028
357 2039
357 1077 79462 17058 221
357 2137
358 579
358 1164
358 1955
358 1975
358 1976
358 1977
358 1978
358 1195
358 1756
358 2030
358 2028
358 2031
358 2027
358 2039
358 801 5 24 3
358 521 2 2 2
358 448 2 0 1
358 1062 6 1525 6
358 827 125 0 1
358 594 23 38 2
358 1049 4 0 1
358 2136
359 1080
359 2025
359 1079 24236 1336 25
359 2126
360 579
360 1172
360 1749
360 1162
360 1914
360 1195
360 2025
360 518 0 0 1
360 1059 8 8 2
360 519 32 43 1
360 448 7103 1910 10
360 594 203 0 1
360 2103
361 579
361 1526
361 1248
361 1979
361 1980
361 1423
361 2026
361 2031
361 519 203 0 1
361 2118
362 870
362 868 436 172 13
362 869 6 1 2
362 2101
363 579
363 2026
363 2031
363 2039
363 519 202 0 1
363 521 2 2 1
363 2098
364 1081
364 2026
364 685 2748 1360 84
364 2113
365 908
365 1756
365 1981
365 1162
365 1323
365 1982
365 1168
365 1759
365 1581
365 2030
365 2027
365 2036
365 2028
365 2026
365 2025
365 2024
365 2031
365 2039
365 1072 561 284 12
365 906 672981 53644 24
365 2136
366 579
366 1882
366 1525
366 1849
366 1946
366 1310
366 1164
366 1195
366 2027
366 2029
366 2030
366 518 0 0 1
366 519 457 491 11
366 520 4 2 2
366 838 6504 6517 3
366 594 302 263 13
366 801 2 2 1
366 448 479 667 18
366 521 2 2 1
366 522 8 8 1
366 2104
367 1082
367 2025
367 838 1347 1338 3
367 780 67 13 2
367 829 7 7 1
367 2115
368 579
368 2028
368 2025
368 2030
368 2026
368 2041
368 2027
368 2023
368 2036
368 2022
368 2031
368 1077 1910917 1552693 24
368 519 203 0 1
368 2121
369 1083
369 2030
369 2027
369 2028
369 924 20980 0 1
369 2140
370 579
370 2026
370 519 203 0 1
370 2140
371 1084
371 1983
371 1170
371 1168
371 1447
371 2029
371 2026
371 2028
371 2031
371 861 1824 966 27
371 2138
372 1085
372 2025
372 1045 1136 792 26
372 776 2830 1637 54
372 2109
373 1044
373 2025
373 1043 152 4 6
373 2128
374 1086
374 2113
375 579
375 2025
375 2026
375 2023
375 2039
375 811 2498 501 23
375 810 335 25 4
375 528 23 29 3
375 2126
376 1087
376 2025
376 2028
376 2027
376 2026
376 912 808 0 1
376 2140
377 908
377 1756
377 1926
377 906 474 3 5
377 922 40 30 2
377 528 2 2 2
377 905 333 175 41
377 2104
378 933
378 2023
378 932 1714 291 24
378 2136
379 579
379 1984
379 1323
379 1985
379 1168
379 1164
379 1749
379 2025
379 2026
379 1031 20079 0 1
379 2136
380 579
380 1746
380 1805
380 1172
380 1986
380 1195
380 1197
380 2025
380 831 0 0 1
380 519 17 3 1
380 520 4 2 2
380 448 66 49 4
380 801 4 4 2
380 594 7 22 5
380 521 1 1 1
380 522 74 125 5
380 578 10 5 2
380 2120
381 579
381 2026
381 876 1911 3 1
381 810 203 0 1
381 2126
382 1088
382 1987
382 1248
382 1988
382 1612
382 1989
382 1990
382 2026
382 829 278 80 8
382 2126
383 1089
383 2025
383 2026
383 913 2671 1703 30
383 2108
384 579
384 1323
384 1327
384 1955
384 1991
384 1601
384 1195
384 2030
384 2028
384 2027
384 831 0 0 1
384 811 30 13 3
384 521 9 9 2
384 801 41 87 15
384 1062 35 21 6
384 594 3 3 3
384 522 259 260 3
384 1031 6 1 2
384 1069 438 41 1
384 2136
385 579
385 2026
385 2028
385 897 0 0 1
385 519 203 0 1
385 2138
386 579
386 1277
386 1310
386 1882
386 1759
386 1847
386 1992
386 1993
386 1601
386 1849
386 2030
386 2028
386 2027
386 831 0 0 1
386 594 202 0 2
386 520 4 2 2
386 801 2 2 1
386 922 18141 16663 28
386 2100
387 1090
387 2024
387 2026
387 2028
387 2025
387 2042
387 2029
387 2031
387 2022
387 2044
387 2087
387 2032
387 2088
387 2051
387 2045
387 2057
387 2089
387 2090
387 2034
387 2037
387 946 152 152 68
387 997 1853 837 59
387 959 9042 5446 67
387 943 9959 3487 54
387 944 47252 16915 114
387 947 14597 4800 96
387 950 426262 10605 86
387 941 35110 16066 253
387 949 34446 18377 97
387 951 10489 1354 48
387 996 26663 12823 216
387 952 148377 67753 112
387 953 175697 108912 533
387 969 13424 9855 35
387 986 29264 13170 106
387 965 182168 16979 360
387 954 3454 1091 41
387 942 9140 3683 115
387 992 40144 31366 135
387 956 1980652 1160667 10206
387 957 8827 1690 94
387 948 10758 2557 70
387 995 83427 38040 574
387 961 7011 1741 99
387 962 57868 20979 494
387 963 23163 12223 246
387 964 7687 3084 40
387 945 3090 1544 97
387 966 7609 1310 81
387 967 13056 4176 65
387 968 11021 5527 86
387 970 137231 127038 189
387 971 836 587 58
387 960 2891 500 43
387 972 117822 42182 608
387 973 5335 2718 66
387 958 4081 550 119
387 974 10890 2142 82
387 975 19851 5392 77
387 976 17324 6109 119
387 977 328061 137805 838
387 978 4979 6275 42
387 979 16178 3997 180
387 980 9229 1220 47
387 981 40338 21624 85
387 982 56566 42127 306
387 983 30205 4262 120
387 984 104309 91569 339
387 985 57706 12043 361
387 987 51691 19497 250
387 988 23695 12519 186
387 989 15243 7839 173
387 990 12847 5335 91
387 991 4133 755 63
387 993 13516 5521 91
387 994 1641 842 49
387 940 7246 2574 83
387 955 3642 1959 63
387 998 55494 25214 228
387 999 44997 27136 384
387 1000 42152 24434 182
387 1001 11927 10724 101
387 1003 60238 6763 177
387 1004 11588 10784 190
387 1002 545 538 75
387 1005 6268 3949 81
387 1006 5217 3932 194
387 1007 73147 56817 191
387 1008 134366 61196 478
387 1009 865 871 46
387 1010 380 229 39
387 686 8482 8110 278
387 1011 3710 6305 69
387 1012 82967 2906 148
387 1013 11367 1939 84
387 1014 11371 2368 127
387 1015 4931 1405 46
387 1016 14816 5326 49
387 1017 44956 16002 186
387 1018 19055 4817 518
387 1019 1183 8824 47
387 1020 3424 2051 45
387 1021 115777 55000 88
387 1022 27077 9314 123
387 1023 39102 22401 237
387 2098
388 939
388 2048
388 2031
388 2026
388 850 29 52 1
388 809 2852 2187 34
388 1030 1255 245 18
388 2118
389 1091
389 1054 262 141 21
389 2120
390 579
390 1306
390 1914
390 1172
390 1994
390 2025
390 518 0 0 1
390 593 59306 8053 32
390 522 15 15 2
390 594 14 12 4
390 801 1 0 1
390 2126
391 579
391 1907
391 1168
391 1186
391 1504
391 2025
391 831 0 0 1
391 594 216 0 2
391 520 4 2 2
391 519 33077 65 7
391 857 108 3 8
391 801 4 4 2
391 937 100 16 4
391 1042 14501 18 4
391 2132
392 579
392 1995
392 1996
392 1172
392 1997
392 1998
392 1162
392 1914
392 1164
392 1168
392 2025
392 2028
392 2026
392 2030
392 2027
392 831 0 0 4
392 593 4 4 1
392 594 202 0 1
392 448 1682 893 3
392 838 12421 5569 31
392 2114
393 1044
393 2025
393 1043 3 3 3
393 912 25951 3 3
393 2128
394 543
394 2026
394 2096
394 1035 2857 2801 6
394 542 5 5 2
394 2109
395 1092
395 1248
395 1311
395 1204
395 1999
395 2000
395 1253
395 2001
395 1164
395 2025
395 2026
395 2132
396 579
396 1310
396 1162
396 1189
396 2002
396 2003
396 2004
396 2005
396 2006
396 2007
396 1525
396 1749
396 1946
396 1197
396 2008
396 1617
396 1172
396 2025
396 831 0 0 1
396 1027 4332 374 20
396 594 202 0 1
396 520 4 2 2
396 2126
397 1057
397 2009
397 2010
397 2011
397 1961
397 2012
397 2013
397 2014
397 2025
397 2026
397 2031
397 1056 6858 3404 55
397 2135
398 1093
398 2026
398 436 15 6 2
398 438 9505237 4756052 62
398 437 4749324 4749204 10
398 2101
399 441
399 440 808 474 63
399 2111
400 1094
400 2121
401 1095
401 1803
401 1164
401 1581
401 2015
401 2016
401 1868
401 1197
401 1505
401 2017
401 2018
401 1271
401 2019
401 2020
401 1749
401 1990
401 1033 278 26 22
401 2131
402 463
402 2023
402 462 1465 1030 67
402 2102
403 1096
403 2025
403 2026
403 2027
403 2030
403 455 109 12 14
403 2109
404 590
404 589 94 46 15
404 2111
405 1095
405 1168
405 1174
405 2026
405 1033 512 38 23
405 2129
406 441
406 440 1020 333 17
406 2107
407 441
407 440 1629 298 26
407 2124
408 1097
408 2111
409 1098
409 644 4 4 1
409 2102
410 1099
410 576 7 6 3
410 656 2 1 2
410 706 57 7 30
410 644 49 49 6
410 2126
411 1100
411 2037
411 2030
411 2028
411 2027
411 2089
411 2108
412 1101
412 2025
412 594 202 0 1
412 898 9187 4 5
412 2119
413 1102
413 2122
414 463
414 462 737 103 107
414 2099
415 454
415 453 105 1 5
415 2102
416 1103
416 1079 217 70 8
416 2119
417 1104
417 2021
417 735 85 96 24
417 2130
418 461
418 460 478 1 9
418 2106
419 1106
419 1105 309 23 3
419 2124
420 1146
420 1107 0 1 1
420 1108 0 1 1
420 1109 2 0 1
420 1110 2 0 1
420 1111 8 3 5
420 733 7 0 3
420 1112 1 0 1
420 1113 1 1 1
420 1114 3 2 1
420 1115 5 1 2
420 1116 1 0 1
420 877 1 0 1
420 1117 1 0 1
420 1118 3 0 3
420 1119 1 0 1
420 1120 9 3 6
420 1121 1516 1636 67
420 567 1 0 1
420 1122 1 0 1
420 1123 3 2 3
420 1124 2 1 1
420 1125 2 1 1
420 1126 13 12 2
420 1127 3 0 1
420 451 10 2 4
420 1128 1 1 1
420 1129 2 0 1
420 1130 2 2 1
420 1131 4 1 1
420 678 1 0 1
420 1132 1 1 1
420 1133 4 3 1
420 824 5 3 4
420 1134 64 63 1
420 1135 2 2 1
420 791 1 0 1
420 763 62 64 1
420 1136 4 0 1
420 1137 2 1 3
420 1138 3 2 2
420 1139 1 1 2
420 556 1 0 1
420 1140 8 5 1
420 1141 372 95 28
420 1142 219 43 28
420 1143 1 1 1
420 1144 10 0 2
420 1145 2 0 1
420 2121
421 557
421 1107 0 1 1
421 1108 0 1 1
421 1109 2 0 1
421 1110 2 0 1
421 1133 4 3 1
421 1111 8 3 5
421 877 1 0 1
421 1121 414 397 35
421 567 1 0 1
421 1134 64 63 1
421 1135 2 2 1
421 1116 1 0 1
421 1113 1 1 1
421 1136 4 0 1
421 1112 1 0 1
421 1129 2 0 1
421 1122 1 0 1
421 644 8 8 1
421 1115 5 1 2
421 1120 9 3 6
421 1130 2 2 1
421 1119 1 0 1
421 666 3 0 1
421 1147 1 0 1
421 1132 1 1 1
421 1137 2 1 3
421 1117 1 0 1
421 1118 3 0 3
421 1138 3 2 2
421 1139 1 1 2
421 1127 3 0 1
421 1148 4 0 1
421 1140 8 5 1
421 1123 3 2 3
421 1141 372 95 28
421 1114 3 2 1
421 1124 2 1 1
421 1149 4 0 1
421 1126 13 12 2
421 1128 1 1 1
421 1142 193 37 23
421 1143 1 1 1
421 1125 2 1 1
421 1144 10 0 2
421 1131 4 1 1
421 733 7 0 3
421 1145 2 0 1
421 2103
422 1150
422 1107 0 1 1
422 1109 2 0 1
422 1110 2 0 1
422 1133 4 3 1
422 1111 8 3 5
422 1147 1 0 1
422 1121 4 2 4
422 1115 5 1 2
422 1134 64 63 1
422 1148 4 0 1
422 1132 1 1 1
422 1113 1 1 1
422 1116 1 0 1
422 1120 9 3 6
422 1118 3 0 3
422 644 8 8 1
422 1119 1 0 1
422 1129 2 0 1
422 1130 2 2 1
422 1122 1 0 1
422 666 3 0 1
422 1137 2 1 3
422 1117 1 0 1
422 1138 3 2 2
422 1139 1 1 2
422 1127 3 0 1
422 567 1 0 1
422 1140 8 5 1
422 1123 3 2 3
422 1141 369 92 26
422 1114 3 2 1
422 1124 2 1 1
422 1149 4 0 1
422 1126 13 12 2
422 1128 1 1 1
422 1143 1 1 1
422 1125 2 1 1
422 1144 10 0 2
422 1131 4 1 1
422 1145 2 0 1
422 2101
423 1151
423 2025
423 2121
424 1152
424 1105 51 4 3
424 2107
425 1153
425 2025
425 2099
426 1154
426 2106
427 1155
427 736 1 0 1
427 485 9 1 3
427 770 1 0 1
427 668 5 4 3
427 502 2 0 2
427 2138
428 1051
428 1050 288 16 56
428 2123
