0 429 1
0 2022 1
0 2023 1
0 2024 1
0 2097 1
1 431 1
1 2025 1
1 430 1
1 2098 1
2 433 1
2 432 1
2 2099 1
3 435 1
3 434 1
3 2100 1
4 439 1
4 2026 1
4 436 1
4 437 1
4 438 1
4 2101 1
5 441 1
5 440 1
5 2102 1
6 443 1
6 442 1
6 2103 1
7 445 1
7 2025 1
7 444 1
7 2104 1
8 441 1
8 440 1
8 2105 1
9 446 1
9 1156 1
9 1157 1
9 1158 1
9 2027 1
9 2106 1
10 447 1
10 1159 1
10 1160 1
10 1161 1
10 2107 1
11 450 1
11 2025 1
11 448 1
11 449 1
11 2107 1
12 452 1
12 2026 1
12 451 1
12 2098 1
13 454 1
13 453 1
13 2108 1
14 456 1
14 2025 1
14 2026 1
14 455 1
14 2109 1
15 458 1
15 457 1
15 2110 1
16 441 1
16 440 1
16 2111 1
17 445 1
17 444 1
17 2107 1
18 459 1
18 2028 1
18 2100 1
19 461 1
19 2028 1
19 460 1
19 2097 1
20 463 1
20 2025 1
20 2023 1
20 2026 1
20 462 1
20 2102 1
21 465 1
21 2025 1
21 2026 1
21 464 1
21 2112 1
22 466 1
22 2113 1
23 467 1
23 2026 1
23 2114 1
24 468 1
24 2109 1
25 470 1
25 469 1
25 2115 1
26 471 1
26 2097 1
27 454 1
27 453 1
27 2116 1
28 472 1
28 2111 1
29 473 1
29 1162 1
29 1163 1
29 1164 1
29 1165 1
29 1166 1
29 1167 1
29 1168 1
29 1169 1
29 1170 1
29 2117 1
30 474 1
30 2029 1
30 2023 1
30 2118 1
31 454 1
31 453 1
31 2108 1
32 475 1
32 2107 1
33 476 1
33 2030 1
33 2026 1
33 2028 1
33 2027 1
33 2031 1
33 2106 1
34 477 1
34 2025 1
34 2026 1
34 2031 1
34 2110 1
35 454 1
35 453 1
35 2108 1
36 478 1
36 2026 1
36 2032 1
36 2031 1
36 2119 1
37 454 1
37 453 1
37 2108 1
38 454 1
38 453 1
38 2108 1
39 479 1
39 2026 1
39 2120 1
40 480 1
40 2121 1
41 481 1
41 2122 1
42 482 1
42 2106 1
43 483 1
43 1164 1
43 1168 1
43 2025 1
43 2026 1
43 2123 1
44 441 1
44 440 1
44 2105 1
45 484 1
45 2106 1
46 488 1
46 485 1
46 486 1
46 487 1
46 2124 1
47 489 1
47 2125 1
48 454 1
48 453 1
48 2116 1
49 490 1
49 2126 1
50 491 1
50 434 1
50 2100 1
51 492 1
51 2028 1
51 2125 1
52 493 1
52 2122 1
53 494 1
53 2117 1
54 495 1
54 2127 1
55 496 1
55 2030 1
55 2026 1
55 2114 1
56 497 1
56 2117 1
57 498 1
57 2026 1
57 2122 1
58 506 1
58 2026 1
58 2031 1
58 499 1
58 500 1
58 501 1
58 502 1
58 503 1
58 504 1
58 505 1
58 2110 1
59 507 1
59 2033 1
59 2032 1
59 2102 1
60 508 1
60 2117 1
61 509 1
61 2117 1
62 510 1
62 2121 1
63 514 1
63 511 1
63 512 1
63 513 1
63 2111 1
64 515 1
64 2024 1
64 2028 1
64 2022 1
64 2032 1
64 2030 1
64 2026 1
64 2029 1
64 2034 1
64 2033 1
64 2117 1
65 450 1
65 2025 1
65 449 1
65 2106 1
66 516 1
66 2025 1
66 2035 1
66 2026 1
66 2128 1
67 517 1
67 2029 1
67 2107 1
68 523 1
68 2025 1
68 518 1
68 519 1
68 520 1
68 521 1
68 448 1
68 449 1
68 522 1
68 2107 1
69 524 1
69 2125 1
70 525 1
70 2129 1
71 526 1
71 2025 1
71 2130 1
72 527 1
72 2025 1
72 2121 1
73 529 1
73 2025 1
73 528 1
73 2125 1
74 530 1
74 2125 1
75 531 1
75 1164 1
75 1171 1
75 1168 1
75 1172 1
75 1173 1
75 1174 1
75 1175 1
75 1176 1
75 1177 1
75 1178 1
75 2025 1
75 2129 1
76 532 1
76 2131 1
77 533 1
77 2031 1
77 2032 1
77 2111 1
78 534 1
78 2128 1
79 535 1
79 1162 1
79 1164 1
79 1179 1
79 1180 1
79 1181 1
79 1182 1
79 2025 1
79 2029 1
79 2023 1
79 2026 1
79 2123 1
80 536 1
80 2025 1
80 2122 1
81 537 1
81 2124 1
82 538 1
82 2025 1
82 2026 1
82 2111 1
83 539 1
83 1164 1
83 1183 1
83 1184 1
83 1162 1
83 1185 1
83 1186 1
83 2123 1
84 540 1
84 2125 1
85 541 1
85 2125 1
86 543 1
86 542 1
86 2125 1
87 544 1
87 2127 1
88 545 1
88 2025 1
88 2114 1
89 546 1
89 2025 1
89 2125 1
90 547 1
90 2113 1
91 548 1
91 2028 1
91 2036 1
91 2027 1
91 2030 1
91 2037 1
91 2125 1
92 549 1
92 2125 1
93 550 1
93 1162 1
93 1164 1
93 1187 1
93 1178 1
93 2025 1
93 2132 1
94 551 1
94 2025 1
94 2023 1
94 2130 1
95 552 1
95 2125 1
96 553 1
96 1162 1
96 1164 1
96 1168 1
96 1188 1
96 1189 1
96 1190 1
96 1191 1
96 2025 1
96 2023 1
96 2133 1
97 554 1
97 2025 1
97 2102 1
98 557 1
98 555 1
98 556 1
98 2116 1
99 577 1
99 558 1
99 499 1
99 559 1
99 560 1
99 561 1
99 486 1
99 562 1
99 563 1
99 564 1
99 565 1
99 566 1
99 567 1
99 555 1
99 568 1
99 569 1
99 570 1
99 571 1
99 464 1
99 572 1
99 573 1
99 574 1
99 575 1
99 576 1
99 556 1
99 2102 1
100 579 1
100 1192 1
100 1193 1
100 1194 1
100 1195 1
100 1196 1
100 1197 1
100 1164 1
100 1198 1
100 1199 1
100 519 1
100 578 1
100 2115 1
101 580 1
101 2025 1
101 2102 1
102 581 1
102 2100 1
103 582 1
103 2038 1
103 2026 1
103 2110 1
104 583 1
104 2025 1
104 2134 1
105 584 1
105 2134 1
106 585 1
106 2025 1
106 2026 1
106 2030 1
106 2028 1
106 2031 1
106 2027 1
106 2125 1
107 586 1
107 2025 1
107 2120 1
108 587 1
108 2125 1
109 588 1
109 1164 1
109 1200 1
109 1168 1
109 1172 1
109 1201 1
109 1202 1
109 1203 1
109 1196 1
109 1204 1
109 2025 1
109 2132 1
110 590 1
110 2023 1
110 589 1
110 2135 1
111 591 1
111 2136 1
112 592 1
112 2101 1
113 596 1
113 2028 1
113 2025 1
113 2030 1
113 2031 1
113 2039 1
113 2040 1
113 593 1
113 594 1
113 595 1
113 2132 1
114 597 1
114 2025 1
114 2097 1
115 598 1
115 2026 1
115 2031 1
115 2108 1
116 599 1
116 2102 1
117 600 1
117 2130 1
118 601 1
118 2026 1
118 2023 1
118 2122 1
119 602 1
119 2137 1
120 609 1
120 1205 1
120 1206 1
120 1161 1
120 1207 1
120 1208 1
120 1209 1
120 1210 1
120 2030 1
120 2032 1
120 2026 1
120 2037 1
120 603 1
120 604 1
120 605 1
120 606 1
120 607 1
120 608 1
120 513 1
120 2097 1
121 650 1
121 1206 1
121 1211 1
121 1212 1
121 1213 1
121 1214 1
121 1215 1
121 1216 1
121 1217 1
121 1218 1
121 1219 1
121 1220 1
121 1221 1
121 1222 1
121 2041 1
121 610 1
121 611 1
121 612 1
121 613 1
121 614 1
121 615 1
121 616 1
121 617 1
121 618 1
121 619 1
121 620 1
121 621 1
121 622 1
121 623 1
121 624 1
121 625 1
121 626 1
121 627 1
121 628 1
121 629 1
121 630 1
121 631 1
121 632 1
121 633 1
121 634 1
121 635 1
121 636 1
121 637 1
121 638 1
121 639 1
121 640 1
121 641 1
121 642 1
121 643 1
121 644 1
121 645 1
121 646 1
121 647 1
121 505 1
121 648 1
121 649 1
121 2130 1
122 654 1
122 1223 1
122 1224 1
122 1206 1
122 1225 1
122 1226 1
122 1227 1
122 1228 1
122 1229 1
122 1161 1
122 1230 1
122 1231 1
122 1232 1
122 651 1
122 652 1
122 644 1
122 653 1
122 2104 1
123 655 1
123 1233 1
123 1234 1
123 1161 1
123 1235 1
123 2030 1
123 2032 1
123 2027 1
123 521 1
123 2111 1
124 657 1
124 1236 1
124 1237 1
124 1209 1
124 1238 1
124 1239 1
124 1240 1
124 1241 1
124 1242 1
124 2042 1
124 2030 1
124 2043 1
124 2031 1
124 2028 1
124 2032 1
124 2027 1
124 2039 1
124 656 1
124 2099 1
125 659 1
125 1213 1
125 1211 1
125 1212 1
125 1216 1
125 1161 1
125 1243 1
125 1206 1
125 1244 1
125 1230 1
125 1232 1
125 1245 1
125 1215 1
125 1246 1
125 2041 1
125 2037 1
125 2030 1
125 2031 1
125 629 1
125 645 1
125 610 1
125 617 1
125 631 1
125 627 1
125 611 1
125 643 1
125 613 1
125 620 1
125 618 1
125 619 1
125 621 1
125 622 1
125 624 1
125 625 1
125 626 1
125 616 1
125 615 1
125 628 1
125 630 1
125 623 1
125 614 1
125 612 1
125 634 1
125 636 1
125 638 1
125 639 1
125 640 1
125 642 1
125 635 1
125 658 1
125 649 1
125 644 1
125 646 1
125 647 1
125 633 1
125 648 1
125 2130 1
126 661 1
126 1247 1
126 1248 1
126 1249 1
126 1250 1
126 1251 1
126 1252 1
126 1164 1
126 1253 1
126 1254 1
126 1172 1
126 1255 1
126 2028 1
126 2025 1
126 2026 1
126 2027 1
126 660 1
126 2138 1
127 674 1
127 1206 1
127 1256 1
127 1257 1
127 1258 1
127 1187 1
127 1259 1
127 1260 1
127 1162 1
127 1261 1
127 1161 1
127 1262 1
127 1263 1
127 1264 1
127 1265 1
127 1266 1
127 603 1
127 567 1
127 558 1
127 565 1
127 662 1
127 663 1
127 664 1
127 562 1
127 566 1
127 665 1
127 604 1
127 666 1
127 667 1
127 668 1
127 669 1
127 575 1
127 572 1
127 670 1
127 574 1
127 671 1
127 561 1
127 559 1
127 644 1
127 571 1
127 672 1
127 570 1
127 673 1
127 2117 1
128 676 1
128 1267 1
128 1268 1
128 1269 1
128 1164 1
128 1162 1
128 1270 1
128 1271 1
128 1272 1
128 1273 1
128 1248 1
128 1274 1
128 1275 1
128 1276 1
128 1277 1
128 675 1
128 2119 1
129 690 1
129 1164 1
129 1278 1
129 1279 1
129 1280 1
129 1281 1
129 1248 1
129 1282 1
129 1283 1
129 1284 1
129 1285 1
129 1286 1
129 1287 1
129 1288 1
129 1289 1
129 1290 1
129 1291 1
129 1292 1
129 1206 1
129 1161 1
129 677 1
129 566 1
129 678 1
129 679 1
129 680 1
129 681 1
129 682 1
129 603 1
129 683 1
129 560 1
129 684 1
129 669 1
129 574 1
129 685 1
129 686 1
129 687 1
129 688 1
129 689 1
129 2104 1
130 692 1
130 1293 1
130 1271 1
130 1294 1
130 1295 1
130 1296 1
130 691 1
130 2125 1
131 693 1
131 1297 1
131 1298 1
131 1215 1
131 1299 1
131 1206 1
131 1300 1
131 605 1
131 2111 1
132 708 1
132 1206 1
132 1232 1
132 1231 1
132 1161 1
132 1301 1
132 694 1
132 695 1
132 603 1
132 696 1
132 697 1
132 698 1
132 699 1
132 564 1
132 700 1
132 701 1
132 702 1
132 703 1
132 501 1
132 678 1
132 651 1
132 512 1
132 704 1
132 705 1
132 608 1
132 561 1
132 706 1
132 644 1
132 707 1
132 632 1
132 673 1
132 2129 1
133 711 1
133 1164 1
133 1278 1
133 1162 1
133 1302 1
133 1303 1
133 1304 1
133 1305 1
133 1306 1
133 1307 1
133 677 1
133 574 1
133 603 1
133 683 1
133 709 1
133 710 1
133 681 1
133 682 1
133 675 1
133 2132 1
134 712 1
134 1162 1
134 1164 1
134 1308 1
134 1309 1
134 1310 1
134 1276 1
134 1277 1
134 1311 1
134 1312 1
134 2124 1
135 714 1
135 713 1
135 2116 1
136 716 1
136 1313 1
136 1206 1
136 603 1
136 715 1
136 667 1
136 695 1
136 699 1
136 504 1
136 2111 1
137 718 1
137 717 1
137 2124 1
138 719 1
138 1314 1
138 1315 1
138 1316 1
138 1161 1
138 1206 1
138 1317 1
138 1318 1
138 1319 1
138 1320 1
138 1321 1
138 1322 1
138 2026 1
138 691 1
138 715 1
138 2139 1
139 724 1
139 1323 1
139 1324 1
139 1325 1
139 1326 1
139 1327 1
139 1328 1
139 1329 1
139 1161 1
139 2026 1
139 720 1
139 571 1
139 721 1
139 722 1
139 567 1
139 679 1
139 723 1
139 696 1
139 673 1
139 2136 1
140 726 1
140 1330 1
140 1331 1
140 1332 1
140 1304 1
140 1333 1
140 1162 1
140 1334 1
140 1335 1
140 1336 1
140 1337 1
140 1338 1
140 1339 1
140 1246 1
140 1340 1
140 1341 1
140 1342 1
140 1343 1
140 1164 1
140 1248 1
140 1344 1
140 607 1
140 700 1
140 725 1
140 2124 1
141 727 1
141 1345 1
141 1346 1
141 1248 1
141 1347 1
141 1348 1
141 1223 1
141 1349 1
141 1350 1
141 1351 1
141 1352 1
141 1353 1
141 1354 1
141 1355 1
141 1356 1
141 1357 1
141 1358 1
141 1359 1
141 1360 1
141 1361 1
141 1362 1
141 2024 1
141 2022 1
141 2044 1
141 2031 1
141 2026 1
141 2045 1
141 2032 1
141 652 1
141 2114 1
142 728 1
142 1164 1
142 1162 1
142 1363 1
142 1364 1
142 1365 1
142 1366 1
142 1367 1
142 1368 1
142 2030 1
142 2039 1
142 2046 1
142 573 1
142 2097 1
143 729 1
143 2132 1
144 732 1
144 644 1
144 730 1
144 731 1
144 667 1
144 672 1
144 2098 1
145 734 1
145 1369 1
145 1162 1
145 1370 1
145 1371 1
145 1372 1
145 1304 1
145 1373 1
145 1298 1
145 1300 1
145 1374 1
145 1375 1
145 1206 1
145 1161 1
145 503 1
145 733 1
145 2104 1
146 737 1
146 1376 1
146 1377 1
146 1378 1
146 1275 1
146 1379 1
146 2028 1
146 2047 1
146 2031 1
146 735 1
146 736 1
146 2127 1
147 739 1
147 1380 1
147 1381 1
147 2033 1
147 738 1
147 2114 1
148 740 1
148 1161 1
148 1206 1
148 1382 1
148 1383 1
148 1384 1
148 1385 1
148 694 1
148 603 1
148 511 1
148 500 1
148 2124 1
149 741 1
149 1161 1
149 1264 1
149 1206 1
149 1230 1
149 665 1
149 671 1
149 663 1
149 670 1
149 723 1
149 662 1
149 571 1
149 2136 1
150 743 1
150 1386 1
150 1206 1
150 1161 1
150 1230 1
150 664 1
150 742 1
150 2130 1
151 746 1
151 1387 1
151 1388 1
151 1389 1
151 1390 1
151 1391 1
151 1392 1
151 1393 1
151 1394 1
151 1395 1
151 2026 1
151 2028 1
151 2048 1
151 2049 1
151 2029 1
151 2031 1
151 2042 1
151 2046 1
151 2030 1
151 2027 1
151 2050 1
151 2032 1
151 2039 1
151 744 1
151 745 1
151 2106 1
152 747 1
152 1396 1
152 1161 1
152 1397 1
152 1398 1
152 1206 1
152 1230 1
152 720 1
152 730 1
152 722 1
152 696 1
152 606 1
152 2107 1
153 760 1
153 1206 1
153 1161 1
153 1399 1
153 1400 1
153 748 1
153 749 1
153 750 1
153 751 1
153 752 1
153 753 1
153 754 1
153 755 1
153 756 1
153 563 1
153 757 1
153 758 1
153 759 1
153 2129 1
154 762 1
154 1206 1
154 1161 1
154 1401 1
154 1402 1
154 1403 1
154 1404 1
154 1405 1
154 1406 1
154 1407 1
154 1408 1
154 1409 1
154 1410 1
154 1411 1
154 1412 1
154 2030 1
154 2031 1
154 761 1
154 717 1
154 707 1
154 2127 1
155 764 1
155 1164 1
155 1162 1
155 1413 1
155 1414 1
155 1371 1
155 1288 1
155 1189 1
155 1311 1
155 1248 1
155 1415 1
155 569 1
155 763 1
155 702 1
155 725 1
155 2125 1
156 765 1
156 1248 1
156 1416 1
156 2138 1
157 766 1
157 1417 1
157 1418 1
157 1164 1
157 1248 1
157 1419 1
157 2034 1
157 2121 1
158 768 1
158 1420 1
158 1421 1
158 1422 1
158 1423 1
158 1424 1
158 1425 1
158 2026 1
158 2031 1
158 767 1
158 2138 1
159 769 1
159 1426 1
159 1164 1
159 1168 1
159 1277 1
159 2120 1
160 771 1
160 1427 1
160 1246 1
160 1428 1
160 1429 1
160 1430 1
160 1431 1
160 1432 1
160 1433 1
160 1434 1
160 1206 1
160 1161 1
160 1435 1
160 1436 1
160 1437 1
160 1438 1
160 1439 1
160 1440 1
160 1441 1
160 1442 1
160 770 1
160 698 1
160 2117 1
161 775 1
161 1443 1
161 1444 1
161 1251 1
161 1248 1
161 1445 1
161 1184 1
161 1446 1
161 1423 1
161 1447 1
161 1448 1
161 1449 1
161 1450 1
161 1451 1
161 1452 1
161 1453 1
161 1454 1
161 1455 1
161 1456 1
161 1457 1
161 1347 1
161 2025 1
161 2026 1
161 772 1
161 773 1
161 774 1
161 2138 1
162 785 1
162 1458 1
162 1459 1
162 1460 1
162 1461 1
162 2041 1
162 2028 1
162 2022 1
162 2031 1
162 2037 1
162 2051 1
162 2027 1
162 2030 1
162 2039 1
162 776 1
162 777 1
162 778 1
162 779 1
162 780 1
162 781 1
162 782 1
162 783 1
162 784 1
162 2131 1
163 790 1
163 1399 1
163 1164 1
163 1248 1
163 1462 1
163 1463 1
163 1400 1
163 1464 1
163 1465 1
163 1447 1
163 1423 1
163 1466 1
163 1467 1
163 1468 1
163 1469 1
163 1470 1
163 1471 1
163 1472 1
163 1473 1
163 2026 1
163 2032 1
163 2031 1
163 786 1
163 748 1
163 752 1
163 787 1
163 788 1
163 789 1
163 2125 1
164 792 1
164 1474 1
164 1161 1
164 1164 1
164 1248 1
164 1475 1
164 1168 1
164 1189 1
164 1476 1
164 791 1
164 2101 1
165 793 1
165 1477 1
165 1478 1
165 1227 1
165 1479 1
165 1480 1
165 1481 1
165 1482 1
165 1483 1
165 1484 1
165 1485 1
165 1486 1
165 2024 1
165 2022 1
165 2044 1
165 2052 1
165 2051 1
165 2026 1
165 2053 1
165 2054 1
165 2031 1
165 2138 1
166 794 1
166 1487 1
166 1488 1
166 1489 1
166 1164 1
166 1490 1
166 2026 1
166 436 1
166 438 1
166 437 1
166 2101 1
167 661 1
167 1172 1
167 1247 1
167 1248 1
167 1491 1
167 1447 1
167 1492 1
167 2026 1
167 2025 1
167 660 1
167 2138 1
168 796 1
168 1493 1
168 1494 1
168 1227 1
168 1495 1
168 1496 1
168 2024 1
168 2044 1
168 2031 1
168 2032 1
168 2026 1
168 2055 1
168 2022 1
168 795 1
168 2098 1
169 797 1
169 653 1
169 432 1
169 795 1
169 2122 1
170 798 1
170 2117 1
171 799 1
171 1497 1
171 1163 1
171 1375 1
171 1498 1
171 1306 1
171 1499 1
171 1500 1
171 1501 1
171 1502 1
171 1503 1
171 641 1
171 568 1
171 2122 1
172 579 1
172 1504 1
172 1505 1
172 1255 1
172 1168 1
172 1195 1
172 2025 1
172 518 1
172 521 1
172 448 1
172 800 1
172 801 1
172 522 1
172 802 1
172 2111 1
173 807 1
173 1400 1
173 1506 1
173 1471 1
173 1507 1
173 1508 1
173 1509 1
173 1510 1
173 1511 1
173 1512 1
173 1513 1
173 1514 1
173 1515 1
173 1516 1
173 1517 1
173 749 1
173 803 1
173 789 1
173 804 1
173 753 1
173 750 1
173 805 1
173 787 1
173 754 1
173 755 1
173 756 1
173 806 1
173 758 1
173 759 1
173 2109 1
174 808 1
174 1518 1
174 1519 1
174 1520 1
174 1521 1
174 1522 1
174 1206 1
174 1161 1
174 701 1
174 742 1
174 2139 1
175 579 1
175 1306 1
175 1307 1
175 1248 1
175 1523 1
175 1447 1
175 1524 1
175 1423 1
175 1247 1
175 1164 1
175 1309 1
175 1347 1
175 1525 1
175 1237 1
175 1498 1
175 1310 1
175 1526 1
175 1168 1
175 1255 1
175 2042 1
175 2026 1
175 2025 1
175 2049 1
175 2031 1
175 2032 1
175 2028 1
175 2039 1
175 2027 1
175 2030 1
175 518 1
175 809 1
175 800 1
175 521 1
175 810 1
175 811 1
175 812 1
175 2108 1
176 817 1
176 2029 1
176 2025 1
176 2026 1
176 2030 1
176 2031 1
176 2056 1
176 2039 1
176 2027 1
176 2057 1
176 2028 1
176 2040 1
176 813 1
176 814 1
176 815 1
176 816 1
176 2128 1
177 797 1
177 432 1
177 2122 1
178 817 1
178 2026 1
178 2031 1
178 2023 1
178 2057 1
178 814 1
178 815 1
178 816 1
178 813 1
178 2123 1
179 818 1
179 1527 1
179 1528 1
179 1529 1
179 2101 1
180 823 1
180 1530 1
180 1400 1
180 1531 1
180 2026 1
180 2055 1
180 2032 1
180 819 1
180 803 1
180 757 1
180 820 1
180 821 1
180 822 1
180 751 1
180 805 1
180 689 1
180 2113 1
181 825 1
181 1162 1
181 1164 1
181 1277 1
181 1168 1
181 1187 1
181 1384 1
181 1532 1
181 1310 1
181 1450 1
181 1533 1
181 2025 1
181 2026 1
181 824 1
181 2102 1
182 785 1
182 1525 1
182 1497 1
182 1534 1
182 2041 1
182 2037 1
182 779 1
182 778 1
182 826 1
182 827 1
182 828 1
182 777 1
182 784 1
182 800 1
182 781 1
182 829 1
182 2102 1
183 690 1
183 1535 1
183 1164 1
183 1536 1
183 1537 1
183 1538 1
183 1539 1
183 1540 1
183 1541 1
183 1542 1
183 1207 1
183 1543 1
183 1306 1
183 1544 1
183 1545 1
183 1546 1
183 603 1
183 709 1
183 680 1
183 704 1
183 2104 1
184 830 1
184 1547 1
184 1548 1
184 1549 1
184 1161 1
184 1550 1
184 1551 1
184 1552 1
184 1553 1
184 1554 1
184 1555 1
184 1206 1
184 1556 1
184 1557 1
184 1558 1
184 1559 1
184 1560 1
184 1561 1
184 1562 1
184 1563 1
184 1564 1
184 2028 1
184 2026 1
184 2037 1
184 2031 1
184 2027 1
184 2030 1
184 2032 1
184 658 1
184 697 1
184 2115 1
185 579 1
185 1565 1
185 1566 1
185 1164 1
185 1168 1
185 2026 1
185 2025 1
185 831 1
185 519 1
185 2099 1
186 832 1
186 2129 1
187 833 1
187 1300 1
187 1567 1
187 1161 1
187 1568 1
187 1569 1
187 1570 1
187 1571 1
187 1572 1
187 1573 1
187 1574 1
187 1575 1
187 1576 1
187 1577 1
187 2117 1
188 834 1
188 1304 1
188 1209 1
188 1578 1
188 1579 1
188 1580 1
188 1581 1
188 1582 1
188 1391 1
188 1583 1
188 1584 1
188 1585 1
188 1586 1
188 1587 1
188 1246 1
188 2128 1
189 835 1
189 1588 1
189 1589 1
189 1590 1
189 1591 1
189 1592 1
189 1305 1
189 1593 1
189 1594 1
189 770 1
189 2111 1
190 579 1
190 1195 1
190 1595 1
190 1596 1
190 1172 1
190 1276 1
190 1597 1
190 1598 1
190 1547 1
190 2025 1
190 2031 1
190 518 1
190 801 1
190 522 1
190 836 1
190 837 1
190 594 1
190 838 1
190 2134 1
191 840 1
191 2026 1
191 839 1
191 2133 1
192 841 1
192 1599 1
192 1600 1
192 1234 1
192 1601 1
192 1602 1
192 1603 1
192 2030 1
192 2028 1
192 644 1
192 2140 1
193 842 1
193 1450 1
193 1443 1
193 1451 1
193 1448 1
193 1604 1
193 772 1
193 773 1
193 774 1
193 2138 1
194 843 1
194 1215 1
194 1243 1
194 1605 1
194 1606 1
194 1235 1
194 1607 1
194 1214 1
194 1608 1
194 1609 1
194 1234 1
194 1233 1
194 1610 1
194 1611 1
194 1612 1
194 1613 1
194 1614 1
194 1615 1
194 641 1
194 637 1
194 2101 1
195 844 1
195 1616 1
195 1617 1
195 1618 1
195 1619 1
195 1277 1
195 1620 1
195 1621 1
195 1622 1
195 1161 1
195 1206 1
195 1230 1
195 1623 1
195 1624 1
195 1625 1
195 1189 1
195 2033 1
195 487 1
195 644 1
195 731 1
195 761 1
195 2124 1
196 845 1
196 710 1
196 2133 1
197 847 1
197 1446 1
197 1492 1
197 1174 1
197 1172 1
197 1626 1
197 1162 1
197 1627 1
197 1168 1
197 1628 1
197 1629 1
197 1164 1
197 1630 1
197 1631 1
197 1463 1
197 2025 1
197 2026 1
197 2032 1
197 846 1
197 2113 1
198 579 1
198 1632 1
198 1164 1
198 1633 1
198 1634 1
198 1635 1
198 2026 1
198 2025 1
198 2031 1
198 2039 1
198 848 1
198 849 1
198 809 1
198 519 1
198 850 1
198 851 1
198 852 1
198 853 1
198 802 1
198 854 1
198 521 1
198 855 1
198 856 1
198 857 1
198 810 1
198 858 1
198 2133 1
199 860 1
199 1636 1
199 1637 1
199 1638 1
199 1639 1
199 1640 1
199 1641 1
199 1423 1
199 1249 1
199 1642 1
199 1643 1
199 1644 1
199 1645 1
199 1646 1
199 1647 1
199 2026 1
199 2031 1
199 859 1
199 2133 1
200 579 1
200 1176 1
200 1648 1
200 1649 1
200 1650 1
200 1651 1
200 1652 1
200 1168 1
200 1310 1
200 1653 1
200 1654 1
200 1655 1
200 1162 1
200 1164 1
200 1656 1
200 1526 1
200 1657 1
200 2026 1
200 2032 1
200 2039 1
200 861 1
200 519 1
200 2114 1
201 862 1
201 1310 1
201 1658 1
201 1164 1
201 1308 1
201 1659 1
201 1162 1
201 1306 1
201 1660 1
201 1261 1
201 1661 1
201 1662 1
201 1248 1
201 1347 1
201 1663 1
201 1664 1
201 1270 1
201 1665 1
201 1461 1
201 2135 1
202 865 1
202 2025 1
202 2026 1
202 2057 1
202 2031 1
202 2023 1
202 863 1
202 864 1
202 2128 1
203 867 1
203 866 1
203 2115 1
204 579 1
204 2025 1
204 831 1
204 519 1
204 2118 1
205 870 1
205 868 1
205 869 1
205 2101 1
206 871 1
206 1666 1
206 1667 1
206 1668 1
206 1664 1
206 1162 1
206 1669 1
206 1248 1
206 1164 1
206 1670 1
206 1270 1
206 1671 1
206 1672 1
206 1423 1
206 1663 1
206 1673 1
206 1674 1
206 1675 1
206 1170 1
206 1384 1
206 1303 1
206 2108 1
207 579 1
207 872 1
207 873 1
207 810 1
207 822 1
207 2133 1
208 775 1
208 1676 1
208 1677 1
208 1206 1
208 1678 1
208 1347 1
208 1679 1
208 1680 1
208 1681 1
208 774 1
208 2118 1
209 807 1
209 2025 1
209 2026 1
209 745 1
209 820 1
209 786 1
209 2111 1
210 875 1
210 2025 1
210 874 1
210 2140 1
211 879 1
211 2026 1
211 2057 1
211 2031 1
211 2058 1
211 2059 1
211 2037 1
211 2060 1
211 2030 1
211 2061 1
211 2062 1
211 876 1
211 877 1
211 713 1
211 878 1
211 738 1
211 2118 1
212 881 1
212 1313 1
212 1682 1
212 1206 1
212 1161 1
212 1683 1
212 1684 1
212 1685 1
212 1686 1
212 1687 1
212 1688 1
212 1689 1
212 1690 1
212 1691 1
212 2022 1
212 2026 1
212 2063 1
212 2064 1
212 880 1
212 2137 1
213 882 1
213 1692 1
213 1693 1
213 1694 1
213 1695 1
213 1696 1
213 1697 1
213 1332 1
213 1698 1
213 1699 1
213 1700 1
213 1701 1
213 1702 1
213 1243 1
213 1703 1
213 1704 1
213 1705 1
213 1706 1
213 1707 1
213 1708 1
213 1709 1
213 2031 1
213 2124 1
214 884 1
214 1248 1
214 1710 1
214 1164 1
214 1711 1
214 1310 1
214 1712 1
214 1713 1
214 883 1
214 2118 1
215 885 1
215 2120 1
216 887 1
216 2025 1
216 2028 1
216 2030 1
216 2027 1
216 886 1
216 2107 1
217 888 1
217 1310 1
217 1164 1
217 1248 1
217 1308 1
217 1371 1
217 1714 1
217 1715 1
217 1716 1
217 1717 1
217 1492 1
217 2102 1
218 579 1
218 1718 1
218 1719 1
218 1720 1
218 1721 1
218 1722 1
218 1723 1
218 2025 1
218 2026 1
218 831 1
218 889 1
218 811 1
218 812 1
218 890 1
218 891 1
218 810 1
218 892 1
218 2119 1
219 579 1
219 2025 1
219 518 1
219 848 1
219 519 1
219 520 1
219 448 1
219 521 1
219 594 1
219 801 1
219 522 1
219 800 1
219 893 1
219 2108 1
220 895 1
220 1236 1
220 1724 1
220 1725 1
220 1726 1
220 1727 1
220 1728 1
220 1729 1
220 1730 1
220 1731 1
220 1732 1
220 1733 1
220 1734 1
220 1735 1
220 1736 1
220 1737 1
220 1164 1
220 1738 1
220 1739 1
220 1740 1
220 1741 1
220 2042 1
220 2065 1
220 894 1
220 2118 1
221 896 1
221 2137 1
222 884 1
222 1248 1
222 1164 1
222 1742 1
222 1270 1
222 1462 1
222 1743 1
222 1276 1
222 1744 1
222 1400 1
222 1745 1
222 1636 1
222 883 1
222 2135 1
223 579 1
223 2030 1
223 2027 1
223 2028 1
223 2026 1
223 831 1
223 891 1
223 2133 1
224 579 1
224 2025 1
224 521 1
224 519 1
224 594 1
224 897 1
224 898 1
224 2108 1
225 867 1
225 866 1
225 2113 1
226 899 1
226 2025 1
226 2028 1
226 2066 1
226 2022 1
226 2052 1
226 2026 1
226 2031 1
226 2032 1
226 894 1
226 2112 1
227 797 1
227 432 1
227 2129 1
228 579 1
228 1746 1
228 1747 1
228 1172 1
228 1195 1
228 1162 1
228 1748 1
228 2025 1
228 2031 1
228 518 1
228 594 1
228 900 1
228 801 1
228 519 1
228 521 1
228 578 1
228 593 1
228 522 1
228 800 1
228 838 1
228 2126 1
229 902 1
229 2032 1
229 901 1
229 2099 1
230 579 1
230 1749 1
230 1168 1
230 1750 1
230 2025 1
230 831 1
230 594 1
230 903 1
230 519 1
230 448 1
230 874 1
230 578 1
230 2138 1
231 579 1
231 1595 1
231 1751 1
231 1752 1
231 1248 1
231 1753 1
231 1276 1
231 1754 1
231 1755 1
231 1195 1
231 1756 1
231 2030 1
231 2027 1
231 2028 1
231 518 1
231 521 1
231 827 1
231 801 1
231 594 1
231 593 1
231 522 1
231 836 1
231 838 1
231 2114 1
232 724 1
232 721 1
232 2117 1
233 904 1
233 767 1
233 2123 1
234 908 1
234 1710 1
234 1757 1
234 1406 1
234 1408 1
234 1758 1
234 1759 1
234 1760 1
234 1756 1
234 1761 1
234 2030 1
234 2027 1
234 2028 1
234 2039 1
234 2031 1
234 905 1
234 906 1
234 890 1
234 430 1
234 907 1
234 2128 1
235 579 1
235 2030 1
235 2028 1
235 831 1
235 891 1
235 519 1
235 909 1
235 2108 1
236 910 1
236 684 1
236 2106 1
237 911 1
237 1581 1
237 1762 1
237 1763 1
237 1306 1
237 1307 1
237 1162 1
237 1764 1
237 1585 1
237 1198 1
237 1765 1
237 1766 1
237 1767 1
237 1294 1
237 1768 1
237 1504 1
237 1769 1
237 1770 1
237 1718 1
237 1771 1
237 1772 1
237 457 1
237 2115 1
238 887 1
238 2026 1
238 886 1
238 2130 1
239 875 1
239 912 1
239 874 1
239 2140 1
240 785 1
240 1759 1
240 1525 1
240 2028 1
240 2030 1
240 913 1
240 914 1
240 782 1
240 905 1
240 915 1
240 781 1
240 916 1
240 2138 1
241 840 1
241 2030 1
241 2025 1
241 2031 1
241 839 1
241 2133 1
242 870 1
242 868 1
242 917 1
242 869 1
242 2134 1
243 579 1
243 1773 1
243 1243 1
243 1774 1
243 1775 1
243 1776 1
243 1777 1
243 1778 1
243 1222 1
243 1195 1
243 2041 1
243 2037 1
243 831 1
243 521 1
243 578 1
243 520 1
243 826 1
243 801 1
243 594 1
243 593 1
243 522 1
243 800 1
243 838 1
243 2130 1
244 579 1
244 1779 1
244 1780 1
244 1781 1
244 2026 1
244 2025 1
244 2028 1
244 2032 1
244 2030 1
244 2031 1
244 2039 1
244 2027 1
244 831 1
244 519 1
244 2120 1
245 918 1
245 2025 1
245 2026 1
245 2028 1
245 2121 1
246 579 1
246 1756 1
246 1782 1
246 1525 1
246 1783 1
246 1197 1
246 1784 1
246 1195 1
246 1785 1
246 2026 1
246 2028 1
246 518 1
246 827 1
246 520 1
246 801 1
246 919 1
246 521 1
246 519 1
246 594 1
246 593 1
246 522 1
246 2101 1
247 579 1
247 2022 1
247 2052 1
247 2026 1
247 594 1
247 2108 1
248 921 1
248 1164 1
248 1248 1
248 1786 1
248 1787 1
248 1648 1
248 1788 1
248 1789 1
248 1790 1
248 1667 1
248 1633 1
248 1791 1
248 1792 1
248 1793 1
248 1794 1
248 1187 1
248 1795 1
248 1796 1
248 1797 1
248 1798 1
248 2026 1
248 2024 1
248 2038 1
248 2032 1
248 2031 1
248 2025 1
248 2022 1
248 2057 1
248 2034 1
248 2028 1
248 2067 1
248 2068 1
248 2048 1
248 2045 1
248 2039 1
248 2029 1
248 2069 1
248 920 1
248 2123 1
249 579 1
249 1799 1
249 1601 1
249 1800 1
249 1195 1
249 2030 1
249 2028 1
249 2027 1
249 856 1
249 522 1
249 850 1
249 801 1
249 857 1
249 594 1
249 2133 1
250 579 1
250 1801 1
250 1802 1
250 1277 1
250 2025 1
250 801 1
250 594 1
250 520 1
250 521 1
250 922 1
250 2120 1
251 579 1
251 810 1
251 2133 1
252 579 1
252 1803 1
252 1804 1
252 1805 1
252 1195 1
252 1806 1
252 1162 1
252 1807 1
252 1504 1
252 1172 1
252 2025 1
252 831 1
252 519 1
252 521 1
252 800 1
252 801 1
252 448 1
252 594 1
252 522 1
252 578 1
252 2130 1
253 579 1
253 2025 1
253 518 1
253 594 1
253 520 1
253 521 1
253 801 1
253 922 1
253 2123 1
254 870 1
254 917 1
254 869 1
254 2105 1
255 925 1
255 1161 1
255 1206 1
255 1197 1
255 1808 1
255 1809 1
255 1810 1
255 2028 1
255 2042 1
255 905 1
255 923 1
255 924 1
255 2138 1
256 928 1
256 1309 1
256 1248 1
256 1447 1
256 1423 1
256 1811 1
256 1812 1
256 1813 1
256 1814 1
256 1815 1
256 1816 1
256 926 1
256 873 1
256 927 1
256 2120 1
257 929 1
257 2029 1
257 2026 1
257 2028 1
257 2031 1
257 2030 1
257 2070 1
257 2048 1
257 2027 1
257 2071 1
257 892 1
257 2135 1
258 930 1
258 1817 1
258 1818 1
258 1819 1
258 1461 1
258 1820 1
258 2024 1
258 2026 1
258 2025 1
258 2029 1
258 2022 1
258 2028 1
258 2030 1
258 2068 1
258 2057 1
258 2034 1
258 2072 1
258 2042 1
258 2037 1
258 2064 1
258 2073 1
258 2074 1
258 2031 1
258 2075 1
258 2076 1
258 2077 1
258 2078 1
258 2079 1
258 2027 1
258 2080 1
258 2081 1
258 2082 1
258 2045 1
258 2083 1
258 2041 1
258 2084 1
258 2085 1
258 2107 1
259 579 1
259 1821 1
259 1801 1
259 1248 1
259 1808 1
259 1523 1
259 1195 1
259 2026 1
259 2039 1
259 518 1
259 521 1
259 931 1
259 838 1
259 594 1
259 522 1
259 800 1
259 744 1
259 2120 1
260 933 1
260 2023 1
260 2024 1
260 2026 1
260 932 1
260 2138 1
261 579 1
261 1195 1
261 1306 1
261 1248 1
261 1168 1
261 1822 1
261 1823 1
261 1799 1
261 1800 1
261 2030 1
261 2026 1
261 2028 1
261 2027 1
261 2039 1
261 856 1
261 857 1
261 689 1
261 521 1
261 809 1
261 801 1
261 448 1
261 850 1
261 522 1
261 2133 1
262 934 1
262 432 1
262 2122 1
263 936 1
263 2025 1
263 857 1
263 935 1
263 2135 1
264 938 1
264 1162 1
264 1164 1
264 1168 1
264 1167 1
264 1187 1
264 1384 1
264 1749 1
264 2025 1
264 937 1
264 2134 1
265 881 1
265 1206 1
265 1161 1
265 1824 1
265 1825 1
265 1348 1
265 1826 1
265 1246 1
265 1434 1
265 1299 1
265 1428 1
265 880 1
265 2098 1
266 579 1
266 2031 1
266 2026 1
266 2028 1
266 2024 1
266 2057 1
266 2022 1
266 2032 1
266 2045 1
266 2023 1
266 594 1
266 927 1
266 926 1
266 873 1
266 872 1
266 2107 1
267 939 1
267 1805 1
267 1827 1
267 1828 1
267 1164 1
267 1829 1
267 1830 1
267 1307 1
267 1498 1
267 2048 1
267 802 1
267 2133 1
268 1024 1
268 1831 1
268 1832 1
268 1447 1
268 1833 1
268 2024 1
268 2026 1
268 2028 1
268 2025 1
268 2022 1
268 2055 1
268 2042 1
268 2029 1
268 2031 1
268 2044 1
268 2068 1
268 2086 1
268 2032 1
268 2034 1
268 2030 1
268 2053 1
268 2087 1
268 2049 1
268 2063 1
268 2039 1
268 2067 1
268 2088 1
268 2051 1
268 2045 1
268 2027 1
268 2057 1
268 2089 1
268 2090 1
268 2065 1
268 2091 1
268 2037 1
268 940 1
268 941 1
268 942 1
268 943 1
268 944 1
268 945 1
268 946 1
268 947 1
268 948 1
268 949 1
268 950 1
268 951 1
268 952 1
268 953 1
268 954 1
268 955 1
268 956 1
268 957 1
268 958 1
268 959 1
268 960 1
268 961 1
268 962 1
268 963 1
268 964 1
268 965 1
268 966 1
268 967 1
268 968 1
268 969 1
268 970 1
268 971 1
268 972 1
268 973 1
268 974 1
268 975 1
268 976 1
268 977 1
268 978 1
268 979 1
268 980 1
268 981 1
268 982 1
268 983 1
268 984 1
268 985 1
268 986 1
268 987 1
268 988 1
268 989 1
268 990 1
268 991 1
268 992 1
268 993 1
268 994 1
268 995 1
268 996 1
268 997 1
268 998 1
268 999 1
268 1000 1
268 1001 1
268 1002 1
268 1003 1
268 1004 1
268 1005 1
268 1006 1
268 1007 1
268 1008 1
268 1009 1
268 1010 1
268 686 1
268 1011 1
268 1012 1
268 1013 1
268 1014 1
268 1015 1
268 1016 1
268 1017 1
268 1018 1
268 1019 1
268 1020 1
268 1021 1
268 1022 1
268 1023 1
268 2098 1
269 1025 1
269 1834 1
269 1835 1
269 1836 1
269 905 1
269 2141 1
270 865 1
270 2025 1
270 2030 1
270 2026 1
270 863 1
270 864 1
270 2128 1
271 579 1
271 519 1
271 689 1
271 2109 1
272 1026 1
272 2026 1
272 2114 1
273 579 1
273 1171 1
273 1308 1
273 1164 1
273 1837 1
273 1288 1
273 1187 1
273 1198 1
273 1838 1
273 1839 1
273 1840 1
273 1841 1
273 1842 1
273 1384 1
273 2025 1
273 2092 1
273 831 1
273 1027 1
273 594 1
273 520 1
273 2123 1
274 579 1
274 1756 1
274 1843 1
274 1844 1
274 1845 1
274 1846 1
274 1847 1
274 1749 1
274 1243 1
274 1197 1
274 1195 1
274 2041 1
274 2031 1
274 2039 1
274 518 1
274 801 1
274 578 1
274 521 1
274 594 1
274 519 1
274 780 1
274 1028 1
274 2130 1
275 579 1
275 1195 1
275 1197 1
275 1848 1
275 1849 1
275 1617 1
275 2029 1
275 2027 1
275 2028 1
275 831 1
275 801 1
275 521 1
275 931 1
275 594 1
275 922 1
275 522 1
275 2106 1
276 1029 1
276 1850 1
276 1447 1
276 1851 1
276 1852 1
276 1853 1
276 1854 1
276 1855 1
276 1197 1
276 2030 1
276 2028 1
276 2027 1
276 2039 1
276 2119 1
277 939 1
277 1167 1
277 1164 1
277 1856 1
277 1857 1
277 1256 1
277 2023 1
277 2031 1
277 449 1
277 889 1
277 852 1
277 1030 1
277 521 1
277 854 1
277 809 1
277 2102 1
278 884 1
278 1858 1
278 1859 1
278 883 1
278 2097 1
279 1025 1
279 2030 1
279 2072 1
279 2027 1
279 2031 1
279 2026 1
279 2028 1
279 2039 1
279 2036 1
279 906 1
279 1031 1
279 2115 1
280 579 1
280 1860 1
280 1423 1
280 1164 1
280 1498 1
280 1861 1
280 1862 1
280 1863 1
280 2026 1
280 831 1
280 1032 1
280 521 1
280 744 1
280 2119 1
281 1034 1
281 1847 1
281 1864 1
281 1504 1
281 1865 1
281 1866 1
281 1803 1
281 1867 1
281 1868 1
281 1747 1
281 1164 1
281 1869 1
281 1809 1
281 1853 1
281 1870 1
281 1871 1
281 1808 1
281 1872 1
281 1873 1
281 1874 1
281 1172 1
281 2025 1
281 2026 1
281 2028 1
281 2048 1
281 2037 1
281 2031 1
281 1033 1
281 2100 1
282 443 1
282 1648 1
282 1875 1
282 1649 1
282 442 1
282 2132 1
283 543 1
283 2025 1
283 1035 1
283 542 1
283 2109 1
284 579 1
284 1032 1
284 2139 1
285 881 1
285 1876 1
285 1206 1
285 1161 1
285 1877 1
285 1162 1
285 1878 1
285 1879 1
285 1164 1
285 1880 1
285 2033 1
285 2022 1
285 2031 1
285 2032 1
285 2026 1
285 2025 1
285 880 1
285 2125 1
286 1036 1
286 2026 1
286 2093 1
286 2033 1
286 2055 1
286 2024 1
286 2032 1
286 2028 1
286 2052 1
286 2022 1
286 2027 1
286 2031 1
286 2051 1
286 804 1
286 2110 1
287 579 1
287 1632 1
287 1164 1
287 1633 1
287 1196 1
287 1447 1
287 1189 1
287 1881 1
287 1882 1
287 1277 1
287 2026 1
287 2031 1
287 2039 1
287 1037 1
287 848 1
287 857 1
287 849 1
287 802 1
287 1038 1
287 851 1
287 2120 1
288 1039 1
288 555 1
288 2105 1
289 870 1
289 917 1
289 868 1
289 869 1
289 2101 1
290 1040 1
290 1276 1
290 1883 1
290 1525 1
290 1534 1
290 1215 1
290 2041 1
290 829 1
290 2102 1
291 579 1
291 2049 1
291 2031 1
291 2028 1
291 2027 1
291 2030 1
291 2089 1
291 2039 1
291 2026 1
291 518 1
291 522 1
291 521 1
291 2111 1
292 1041 1
292 1884 1
292 1885 1
292 1886 1
292 1887 1
292 1164 1
292 1310 1
292 1281 1
292 688 1
292 2126 1
293 579 1
293 2025 1
293 518 1
293 1042 1
293 937 1
293 520 1
293 594 1
293 857 1
293 521 1
293 801 1
293 519 1
293 593 1
293 522 1
293 2126 1
294 1044 1
294 2025 1
294 1043 1
294 874 1
294 2128 1
295 543 1
295 2025 1
295 2026 1
295 542 1
295 2138 1
296 1046 1
296 2025 1
296 2026 1
296 2027 1
296 2030 1
296 2028 1
296 2031 1
296 1045 1
296 783 1
296 2141 1
297 1047 1
297 1888 1
297 1889 1
297 1890 1
297 2028 1
297 2025 1
297 2026 1
297 2032 1
297 878 1
297 2105 1
298 1048 1
298 2030 1
298 2028 1
298 912 1
298 924 1
298 2140 1
299 579 1
299 1172 1
299 1891 1
299 1196 1
299 1892 1
299 1209 1
299 1447 1
299 1893 1
299 1168 1
299 1894 1
299 1596 1
299 1195 1
299 2026 1
299 2025 1
299 831 1
299 594 1
299 801 1
299 521 1
299 522 1
299 838 1
299 2133 1
300 579 1
300 1195 1
300 1895 1
300 1896 1
300 1897 1
300 1172 1
300 1898 1
300 1899 1
300 1900 1
300 1882 1
300 1277 1
300 1758 1
300 1749 1
300 1197 1
300 2025 1
300 518 1
300 594 1
300 916 1
300 519 1
300 521 1
300 801 1
300 1027 1
300 522 1
300 1049 1
300 578 1
300 2138 1
301 884 1
301 883 1
301 2135 1
302 579 1
302 1195 1
302 1901 1
302 1197 1
302 1525 1
302 1902 1
302 1903 1
302 1904 1
302 1881 1
302 1905 1
302 2030 1
302 2027 1
302 831 1
302 518 1
302 594 1
302 519 1
302 801 1
302 448 1
302 521 1
302 522 1
302 838 1
302 2101 1
303 579 1
303 1171 1
303 1659 1
303 1446 1
303 1906 1
303 1174 1
303 1907 1
303 1868 1
303 1195 1
303 1756 1
303 2025 1
303 518 1
303 848 1
303 519 1
303 521 1
303 801 1
303 448 1
303 594 1
303 827 1
303 522 1
303 893 1
303 2123 1
304 1051 1
304 2023 1
304 1050 1
304 2115 1
305 579 1
305 1164 1
305 1306 1
305 1756 1
305 1525 1
305 1196 1
305 1908 1
305 2030 1
305 2027 1
305 2028 1
305 518 1
305 801 1
305 519 1
305 594 1
305 521 1
305 593 1
305 522 1
305 2139 1
306 579 1
306 1748 1
306 1746 1
306 1162 1
306 1172 1
306 1195 1
306 1747 1
306 1891 1
306 1596 1
306 1196 1
306 1892 1
306 2025 1
306 831 1
306 448 1
306 519 1
306 520 1
306 931 1
306 801 1
306 594 1
306 1052 1
306 593 1
306 522 1
306 810 1
306 838 1
306 2120 1
307 579 1
307 1164 1
307 1632 1
307 1447 1
307 1633 1
307 2026 1
307 2025 1
307 2031 1
307 2094 1
307 2039 1
307 848 1
307 849 1
307 857 1
307 858 1
307 1053 1
307 850 1
307 851 1
307 856 1
307 810 1
307 802 1
307 2133 1
308 579 1
308 1164 1
308 1632 1
308 1423 1
308 1633 1
308 1909 1
308 2026 1
308 2039 1
308 848 1
308 849 1
308 850 1
308 857 1
308 856 1
308 853 1
308 521 1
308 851 1
308 852 1
308 810 1
308 802 1
308 2120 1
309 1055 1
309 806 1
309 1054 1
309 2111 1
310 1057 1
310 2025 1
310 2026 1
310 2031 1
310 1056 1
310 2115 1
311 579 1
311 2030 1
311 2028 1
311 2027 1
311 1058 1
311 519 1
311 1028 1
311 594 1
311 831 1
311 2130 1
312 939 1
312 1248 1
312 1910 1
312 1799 1
312 1911 1
312 1897 1
312 1912 1
312 1209 1
312 1581 1
312 1800 1
312 1162 1
312 1913 1
312 1914 1
312 848 1
312 849 1
312 857 1
312 856 1
312 1037 1
312 1059 1
312 855 1
312 2115 1
313 579 1
313 1248 1
313 1915 1
313 1916 1
313 1917 1
313 1894 1
313 1195 1
313 2030 1
313 2027 1
313 2028 1
313 2039 1
313 519 1
313 801 1
313 521 1
313 850 1
313 522 1
313 1053 1
313 2133 1
314 1060 1
314 2025 1
314 935 1
314 2114 1
315 579 1
315 2026 1
315 2028 1
315 2027 1
315 2039 1
315 858 1
315 519 1
315 857 1
315 856 1
315 848 1
315 851 1
315 2133 1
316 579 1
316 1164 1
316 1162 1
316 1749 1
316 1172 1
316 2028 1
316 2025 1
316 2030 1
316 2031 1
316 518 1
316 593 1
316 522 1
316 519 1
316 594 1
316 595 1
316 801 1
316 2132 1
317 1061 1
317 1400 1
317 1471 1
317 1464 1
317 1509 1
317 2025 1
317 2026 1
317 819 1
317 821 1
317 2125 1
318 579 1
318 1195 1
318 1843 1
318 1197 1
318 1918 1
318 1756 1
318 2030 1
318 2028 1
318 2027 1
318 2031 1
318 594 1
318 1062 1
318 520 1
318 919 1
318 801 1
318 521 1
318 900 1
318 522 1
318 1049 1
318 2104 1
319 579 1
319 1195 1
319 1919 1
319 1907 1
319 1162 1
319 1756 1
319 1749 1
319 2025 1
319 518 1
319 448 1
319 519 1
319 594 1
319 521 1
319 801 1
319 593 1
319 522 1
319 578 1
319 893 1
319 2103 1
320 1063 1
320 1161 1
320 1297 1
320 1920 1
320 1921 1
320 1206 1
320 1230 1
320 1922 1
320 1923 1
320 2030 1
320 2095 1
320 703 1
320 500 1
320 2127 1
321 445 1
321 444 1
321 2122 1
322 908 1
322 1756 1
322 1924 1
322 1925 1
322 1926 1
322 2030 1
322 905 1
322 923 1
322 906 1
322 2137 1
323 470 1
323 469 1
323 2135 1
324 908 1
324 1756 1
324 1761 1
324 2030 1
324 2028 1
324 2051 1
324 2027 1
324 2037 1
324 2029 1
324 2094 1
324 2031 1
324 903 1
324 906 1
324 909 1
324 905 1
324 923 1
324 2138 1
325 847 1
325 1168 1
325 1174 1
325 1927 1
325 1928 1
325 1164 1
325 1929 1
325 1172 1
325 1930 1
325 1931 1
325 1932 1
325 1162 1
325 1186 1
325 1900 1
325 1306 1
325 2025 1
325 2026 1
325 2032 1
325 2031 1
325 846 1
325 2135 1
326 1064 1
326 2026 1
326 687 1
326 2114 1
327 579 1
327 2025 1
327 2028 1
327 2026 1
327 2027 1
327 831 1
327 836 1
327 2119 1
328 579 1
328 1306 1
328 1164 1
328 1886 1
328 1716 1
328 1196 1
328 2025 1
328 831 1
328 518 1
328 593 1
328 522 1
328 810 1
328 801 1
328 519 1
328 594 1
328 2138 1
329 847 1
329 1167 1
329 1168 1
329 1933 1
329 1934 1
329 1935 1
329 1172 1
329 1164 1
329 1308 1
329 1307 1
329 1184 1
329 1936 1
329 1937 1
329 1938 1
329 1939 1
329 1940 1
329 1941 1
329 1942 1
329 1178 1
329 1943 1
329 1944 1
329 2025 1
329 2026 1
329 2023 1
329 2032 1
329 846 1
329 2135 1
330 579 1
330 1306 1
330 1277 1
330 1945 1
330 1946 1
330 1196 1
330 2027 1
330 2028 1
330 2030 1
330 518 1
330 578 1
330 594 1
330 519 1
330 521 1
330 801 1
330 593 1
330 522 1
330 907 1
330 2132 1
331 1065 1
331 787 1
331 788 1
331 2125 1
332 1066 1
332 705 1
332 2129 1
333 902 1
333 901 1
333 2098 1
334 579 1
334 1749 1
334 1423 1
334 1164 1
334 1947 1
334 1162 1
334 2025 1
334 831 1
334 521 1
334 801 1
334 811 1
334 448 1
334 522 1
334 837 1
334 838 1
334 2126 1
335 579 1
335 2026 1
335 2031 1
335 2039 1
335 857 1
335 849 1
335 850 1
335 802 1
335 810 1
335 1038 1
335 848 1
335 2133 1
336 579 1
336 1632 1
336 1164 1
336 1633 1
336 1277 1
336 1447 1
336 2026 1
336 2031 1
336 2039 1
336 858 1
336 849 1
336 848 1
336 857 1
336 2118 1
337 1067 1
337 2025 1
337 2028 1
337 2039 1
337 2026 1
337 528 1
337 854 1
337 2115 1
338 579 1
338 1164 1
338 1248 1
338 1749 1
338 1948 1
338 1949 1
338 1950 1
338 1951 1
338 1952 1
338 1953 1
338 1197 1
338 1840 1
338 1841 1
338 1310 1
338 1954 1
338 2025 1
338 2092 1
338 1027 1
338 519 1
338 2101 1
339 1068 1
339 2107 1
340 799 1
340 1883 1
340 1243 1
340 1525 1
340 1499 1
340 2041 1
340 641 1
340 2131 1
341 579 1
341 1504 1
341 1168 1
341 1164 1
341 1172 1
341 1907 1
341 2025 1
341 1058 1
341 594 1
341 2126 1
342 579 1
342 1852 1
342 1850 1
342 1323 1
342 1955 1
342 1396 1
342 1809 1
342 1956 1
342 1957 1
342 1958 1
342 1959 1
342 1960 1
342 1195 1
342 2030 1
342 2031 1
342 831 1
342 906 1
342 801 1
342 811 1
342 594 1
342 800 1
342 521 1
342 1052 1
342 522 1
342 836 1
342 1069 1
342 2136 1
343 1070 1
343 2030 1
343 1043 1
343 2128 1
344 860 1
344 2026 1
344 2031 1
344 859 1
344 2120 1
345 785 1
345 2041 1
345 2022 1
345 2051 1
345 777 1
345 781 1
345 784 1
345 778 1
345 828 1
345 2139 1
346 579 1
346 2026 1
346 2031 1
346 519 1
346 2112 1
347 1071 1
347 907 1
347 2139 1
348 921 1
348 1961 1
348 1962 1
348 1963 1
348 1563 1
348 1751 1
348 1964 1
348 1965 1
348 1966 1
348 1792 1
348 1967 1
348 1968 1
348 1164 1
348 1633 1
348 1969 1
348 1308 1
348 1970 1
348 1971 1
348 2026 1
348 920 1
348 2123 1
349 908 1
349 1972 1
349 1756 1
349 2028 1
349 2026 1
349 2072 1
349 2031 1
349 2039 1
349 2030 1
349 914 1
349 906 1
349 2113 1
350 1073 1
350 1072 1
350 2136 1
351 938 1
351 1749 1
351 1747 1
351 1973 1
351 1197 1
351 2025 1
351 521 1
351 915 1
351 2126 1
352 1074 1
352 2025 1
352 2139 1
353 1075 1
353 2030 1
353 2028 1
353 2027 1
353 909 1
353 2136 1
354 939 1
354 1974 1
354 2030 1
354 2028 1
354 857 1
354 1053 1
354 2108 1
355 1044 1
355 874 1
355 2128 1
356 1076 1
356 2031 1
356 2042 1
356 2032 1
356 2039 1
356 1032 1
356 2115 1
357 1078 1
357 2025 1
357 2026 1
357 2030 1
357 2027 1
357 2028 1
357 2039 1
357 1077 1
357 2137 1
358 579 1
358 1164 1
358 1955 1
358 1975 1
358 1976 1
358 1977 1
358 1978 1
358 1195 1
358 1756 1
358 2030 1
358 2028 1
358 2031 1
358 2027 1
358 2039 1
358 801 1
358 521 1
358 448 1
358 1062 1
358 827 1
358 594 1
358 1049 1
358 2136 1
359 1080 1
359 2025 1
359 1079 1
359 2126 1
360 579 1
360 1172 1
360 1749 1
360 1162 1
360 1914 1
360 1195 1
360 2025 1
360 518 1
360 1059 1
360 519 1
360 448 1
360 594 1
360 2103 1
361 579 1
361 1526 1
361 1248 1
361 1979 1
361 1980 1
361 1423 1
361 2026 1
361 2031 1
361 519 1
361 2118 1
362 870 1
362 868 1
362 869 1
362 2101 1
363 579 1
363 2026 1
363 2031 1
363 2039 1
363 519 1
363 521 1
363 2098 1
364 1081 1
364 2026 1
364 685 1
364 2113 1
365 908 1
365 1756 1
365 1981 1
365 1162 1
365 1323 1
365 1982 1
365 1168 1
365 1759 1
365 1581 1
365 2030 1
365 2027 1
365 2036 1
365 2028 1
365 2026 1
365 2025 1
365 2024 1
365 2031 1
365 2039 1
365 1072 1
365 906 1
365 2136 1
366 579 1
366 1882 1
366 1525 1
366 1849 1
366 1946 1
366 1310 1
366 1164 1
366 1195 1
366 2027 1
366 2029 1
366 2030 1
366 518 1
366 519 1
366 520 1
366 838 1
366 594 1
366 801 1
366 448 1
366 521 1
366 522 1
366 2104 1
367 1082 1
367 2025 1
367 838 1
367 780 1
367 829 1
367 2115 1
368 579 1
368 2028 1
368 2025 1
368 2030 1
368 2026 1
368 2041 1
368 2027 1
368 2023 1
368 2036 1
368 2022 1
368 2031 1
368 1077 1
368 519 1
368 2121 1
369 1083 1
369 2030 1
369 2027 1
369 2028 1
369 924 1
369 2140 1
370 579 1
370 2026 1
370 519 1
370 2140 1
371 1084 1
371 1983 1
371 1170 1
371 1168 1
371 1447 1
371 2029 1
371 2026 1
371 2028 1
371 2031 1
371 861 1
371 2138 1
372 1085 1
372 2025 1
372 1045 1
372 776 1
372 2109 1
373 1044 1
373 2025 1
373 1043 1
373 2128 1
374 1086 1
374 2113 1
375 579 1
375 2025 1
375 2026 1
375 2023 1
375 2039 1
375 811 1
375 810 1
375 528 1
375 2126 1
376 1087 1
376 2025 1
376 2028 1
376 2027 1
376 2026 1
376 912 1
376 2140 1
377 908 1
377 1756 1
377 1926 1
377 906 1
377 922 1
377 528 1
377 905 1
377 2104 1
378 933 1
378 2023 1
378 932 1
378 2136 1
379 579 1
379 1984 1
379 1323 1
379 1985 1
379 1168 1
379 1164 1
379 1749 1
379 2025 1
379 2026 1
379 1031 1
379 2136 1
380 579 1
380 1746 1
380 1805 1
380 1172 1
380 1986 1
380 1195 1
380 1197 1
380 2025 1
380 831 1
380 519 1
380 520 1
380 448 1
380 801 1
380 594 1
380 521 1
380 522 1
380 578 1
380 2120 1
381 579 1
381 2026 1
381 876 1
381 810 1
381 2126 1
382 1088 1
382 1987 1
382 1248 1
382 1988 1
382 1612 1
382 1989 1
382 1990 1
382 2026 1
382 829 1
382 2126 1
383 1089 1
383 2025 1
383 2026 1
383 913 1
383 2108 1
384 579 1
384 1323 1
384 1327 1
384 1955 1
384 1991 1
384 1601 1
384 1195 1
384 2030 1
384 2028 1
384 2027 1
384 831 1
384 811 1
384 521 1
384 801 1
384 1062 1
384 594 1
384 522 1
384 1031 1
384 1069 1
384 2136 1
385 579 1
385 2026 1
385 2028 1
385 897 1
385 519 1
385 2138 1
386 579 1
386 1277 1
386 1310 1
386 1882 1
386 1759 1
386 1847 1
386 1992 1
386 1993 1
386 1601 1
386 1849 1
386 2030 1
386 2028 1
386 2027 1
386 831 1
386 594 1
386 520 1
386 801 1
386 922 1
386 2100 1
387 1090 1
387 2024 1
387 2026 1
387 2028 1
387 2025 1
387 2042 1
387 2029 1
387 2031 1
387 2022 1
387 2044 1
387 2087 1
387 2032 1
387 2088 1
387 2051 1
387 2045 1
387 2057 1
387 2089 1
387 2090 1
387 2034 1
387 2037 1
387 946 1
387 997 1
387 959 1
387 943 1
387 944 1
387 947 1
387 950 1
387 941 1
387 949 1
387 951 1
387 996 1
387 952 1
387 953 1
387 969 1
387 986 1
387 965 1
387 954 1
387 942 1
387 992 1
387 956 1
387 957 1
387 948 1
387 995 1
387 961 1
387 962 1
387 963 1
387 964 1
387 945 1
387 966 1
387 967 1
387 968 1
387 970 1
387 971 1
387 960 1
387 972 1
387 973 1
387 958 1
387 974 1
387 975 1
387 976 1
387 977 1
387 978 1
387 979 1
387 980 1
387 981 1
387 982 1
387 983 1
387 984 1
387 985 1
387 987 1
387 988 1
387 989 1
387 990 1
387 991 1
387 993 1
387 994 1
387 940 1
387 955 1
387 998 1
387 999 1
387 1000 1
387 1001 1
387 1003 1
387 1004 1
387 1002 1
387 1005 1
387 1006 1
387 1007 1
387 1008 1
387 1009 1
387 1010 1
387 686 1
387 1011 1
387 1012 1
387 1013 1
387 1014 1
387 1015 1
387 1016 1
387 1017 1
387 1018 1
387 1019 1
387 1020 1
387 1021 1
387 1022 1
387 1023 1
387 2098 1
388 939 1
388 2048 1
388 2031 1
388 2026 1
388 850 1
388 809 1
388 1030 1
388 2118 1
389 1091 1
389 1054 1
389 2120 1
390 579 1
390 1306 1
390 1914 1
390 1172 1
390 1994 1
390 2025 1
390 518 1
390 593 1
390 522 1
390 594 1
390 801 1
390 2126 1
391 579 1
391 1907 1
391 1168 1
391 1186 1
391 1504 1
391 2025 1
391 831 1
391 594 1
391 520 1
391 519 1
391 857 1
391 801 1
391 937 1
391 1042 1
391 2132 1
392 579 1
392 1995 1
392 1996 1
392 1172 1
392 1997 1
392 1998 1
392 1162 1
392 1914 1
392 1164 1
392 1168 1
392 2025 1
392 2028 1
392 2026 1
392 2030 1
392 2027 1
392 831 1
392 593 1
392 594 1
392 448 1
392 838 1
392 2114 1
393 1044 1
393 2025 1
393 1043 1
393 912 1
393 2128 1
394 543 1
394 2026 1
394 2096 1
394 1035 1
394 542 1
394 2109 1
395 1092 1
395 1248 1
395 1311 1
395 1204 1
395 1999 1
395 2000 1
395 1253 1
395 2001 1
395 1164 1
395 2025 1
395 2026 1
395 2132 1
396 579 1
396 1310 1
396 1162 1
396 1189 1
396 2002 1
396 2003 1
396 2004 1
396 2005 1
396 2006 1
396 2007 1
396 1525 1
396 1749 1
396 1946 1
396 1197 1
396 2008 1
396 1617 1
396 1172 1
396 2025 1
396 831 1
396 1027 1
396 594 1
396 520 1
396 2126 1
397 1057 1
397 2009 1
397 2010 1
397 2011 1
397 1961 1
397 2012 1
397 2013 1
397 2014 1
397 2025 1
397 2026 1
397 2031 1
397 1056 1
397 2135 1
398 1093 1
398 2026 1
398 436 1
398 438 1
398 437 1
398 2101 1
399 441 1
399 440 1
399 2111 1
400 1094 1
400 2121 1
401 1095 1
401 1803 1
401 1164 1
401 1581 1
401 2015 1
401 2016 1
401 1868 1
401 1197 1
401 1505 1
401 2017 1
401 2018 1
401 1271 1
401 2019 1
401 2020 1
401 1749 1
401 1990 1
401 1033 1
401 2131 1
402 463 1
402 2023 1
402 462 1
402 2102 1
403 1096 1
403 2025 1
403 2026 1
403 2027 1
403 2030 1
403 455 1
403 2109 1
404 590 1
404 589 1
404 2111 1
405 1095 1
405 1168 1
405 1174 1
405 2026 1
405 1033 1
405 2129 1
406 441 1
406 440 1
406 2107 1
407 441 1
407 440 1
407 2124 1
408 1097 1
408 2111 1
409 1098 1
409 644 1
409 2102 1
410 1099 1
410 576 1
410 656 1
410 706 1
410 644 1
410 2126 1
411 1100 1
411 2037 1
411 2030 1
411 2028 1
411 2027 1
411 2089 1
411 2108 1
412 1101 1
412 2025 1
412 594 1
412 898 1
412 2119 1
413 1102 1
413 2122 1
414 463 1
414 462 1
414 2099 1
415 454 1
415 453 1
415 2102 1
416 1103 1
416 1079 1
416 2119 1
417 1104 1
417 2021 1
417 735 1
417 2130 1
418 461 1
418 460 1
418 2106 1
419 1106 1
419 1105 1
419 2124 1
420 1146 1
420 1107 1
420 1108 1
420 1109 1
420 1110 1
420 1111 1
420 733 1
420 1112 1
420 1113 1
420 1114 1
420 1115 1
420 1116 1
420 877 1
420 1117 1
420 1118 1
420 1119 1
420 1120 1
420 1121 1
420 567 1
420 1122 1
420 1123 1
420 1124 1
420 1125 1
420 1126 1
420 1127 1
420 451 1
420 1128 1
420 1129 1
420 1130 1
420 1131 1
420 678 1
420 1132 1
420 1133 1
420 824 1
420 1134 1
420 1135 1
420 791 1
420 763 1
420 1136 1
420 1137 1
420 1138 1
420 1139 1
420 556 1
420 1140 1
420 1141 1
420 1142 1
420 1143 1
420 1144 1
420 1145 1
420 2121 1
421 557 1
421 1107 1
421 1108 1
421 1109 1
421 1110 1
421 1133 1
421 1111 1
421 877 1
421 1121 1
421 567 1
421 1134 1
421 1135 1
421 1116 1
421 1113 1
421 1136 1
421 1112 1
421 1129 1
421 1122 1
421 644 1
421 1115 1
421 1120 1
421 1130 1
421 1119 1
421 666 1
421 1147 1
421 1132 1
421 1137 1
421 1117 1
421 1118 1
421 1138 1
421 1139 1
421 1127 1
421 1148 1
421 1140 1
421 1123 1
421 1141 1
421 1114 1
421 1124 1
421 1149 1
421 1126 1
421 1128 1
421 1142 1
421 1143 1
421 1125 1
421 1144 1
421 1131 1
421 733 1
421 1145 1
421 2103 1
422 1150 1
422 1107 1
422 1109 1
422 1110 1
422 1133 1
422 1111 1
422 1147 1
422 1121 1
422 1115 1
422 1134 1
422 1148 1
422 1132 1
422 1113 1
422 1116 1
422 1120 1
422 1118 1
422 644 1
422 1119 1
422 1129 1
422 1130 1
422 1122 1
422 666 1
422 1137 1
422 1117 1
422 1138 1
422 1139 1
422 1127 1
422 567 1
422 1140 1
422 1123 1
422 1141 1
422 1114 1
422 1124 1
422 1149 1
422 1126 1
422 1128 1
422 1143 1
422 1125 1
422 1144 1
422 1131 1
422 1145 1
422 2101 1
423 1151 1
423 2025 1
423 2121 1
424 1152 1
424 1105 1
424 2107 1
425 1153 1
425 2025 1
425 2099 1
426 1154 1
426 2106 1
427 1155 1
427 736 1
427 485 1
427 770 1
427 668 1
427 502 1
427 2138 1
428 1051 1
428 1050 1
428 2123 1
