1 215 215 215 215 215 215 3 215 215 
2 215 215 215 215 215 215 215 215 215 215 3 174 215 
4 24 24 24 24 24 24 24 24 
5 215 215 215 215 215 215 3 215 215 215 215 215 215 215 215 215 
6 260 255 215 215 215 215 215 215 215 409 215 215 215 
7 215 3 215 215 215 215 215 215 215 215 215 215 215 
9 215 215 215 3 215 215 215 3 215 215 215 215 215 215 215 
10 215 215 215 215 215 215 215 409 409 215 215 215 215 215 
12 215 56 215 409 215 215 215 215 3 215 215 362 215 215 
13 215 215 215 3 215 215 3 215 174 215 215 215 215 493 215 215 215 
14 409 215 409 215 215 215 409 3 215 215 215 215 215 3 215 
16 215 215 215 381 215 445 381 215 215 590 
19 215 215 215 215 462 215 215 215 215 215 215 215 
20 440 440 440 440 440 440 440 440 440 440 440 440 440 440 440 440 
21 215 215 215 215 215 215 215 215 215 215 215 215 3 478 215 126 
22 215 215 174 215 215 3 268 215 215 215 
23 215 215 215 3 215 215 3 127 371 215 215 215 3 3 215 493 
24 215 215 3 215 215 215 215 215 215 3 409 215 215 
25 215 215 215 445 445 215 445 445 445 445 215 215 445 215 445 
26 215 215 215 215 3 3 215 215 398 215 
27 215 215 3 215 3 215 215 215 215 215 215 409 174 215 215 
28 24 24 24 24 24 24 24 24 24 24 24 24 24 24 24 24 24 
29 215 215 3 215 215 215 215 215 409 215 3 215 215 215 215 215 215 381 215 
30 215 215 395 215 215 409 215 590 215 215 3 
31 215 3 215 215 215 215 215 215 215 215 215 215 215 
32 215 215 3 215 215 215 215 215 215 215 215 215 477 215 
33 215 215 409 215 215 215 215 215 3 215 409 215 
34 215 215 215 409 3 215 215 215 409 215 215 215 215 
35 215 215 215 3 215 215 215 215 215 215 215 126 215 
37 215 215 215 215 215 215 398 215 215 3 215 215 215 
39 215 215 215 381 215 215 215 215 215 215 215 215 215 215 
41 215 215 215 215 215 215 409 409 215 215 215 215 215 
42 215 3 215 215 215 215 215 3 215 409 3 215 3 215 
43 215 3 215 215 215 215 215 215 215 215 477 477 215 476 215 215 
44 454 454 454 454 454 454 454 454 454 454 454 
45 215 215 126 215 255 215 215 215 215 371 215 215 409 3 215 215 409 
48 215 223 215 215 215 215 215 215 215 215 215 215 215 215 215 215 
