1 270 251 251 251 215 251 174 251 251 
2 251 251 215 251 251 215 251 251 508 251 251 174 508 
3 251 270 251 251 251 270 270 174 251 270 251 362 251 251 147 270 251 270 251 
4 251 3 251 270 251 56 251 251 
5 270 270 251 251 251 251 332 251 270 251 251 251 251 251 270 357 
6 260 255 251 215 292 590 251 251 251 251 251 251 251 
7 251 3 291 251 251 251 251 251 251 174 395 251 174 
8 251 251 251 251 215 251 302 174 174 
9 174 251 251 3 447 508 251 366 251 366 251 270 174 174 590 
10 270 251 251 251 400 251 251 334 447 251 270 270 251 251 
12 251 56 215 255 251 251 215 126 174 215 215 334 251 251 
13 251 251 126 174 251 251 174 251 174 251 174 251 251 502 377 251 251 
14 366 380 398 251 251 251 623 3 251 251 251 508 251 251 251 
16 251 251 251 374 359 508 497 251 251 590 
19 422 270 251 251 462 251 291 251 251 251 251 270 
20 439 439 439 440 439 440 440 440 440 439 439 439 439 439 440 439 
21 251 174 251 251 366 270 251 174 291 251 366 341 490 127 366 127 
22 270 215 174 291 251 174 268 291 366 270 
23 251 251 215 174 139 215 251 127 371 251 270 139 251 508 366 174 
24 251 334 3 251 251 251 270 190 291 3 400 362 251 
25 251 251 251 445 495 362 445 445 495 495 590 174 495 251 445 
26 215 490 270 251 490 508 251 251 490 490 
27 251 251 362 251 3 251 251 366 270 174 291 400 174 251 292 
28 251 251 215 251 251 215 139 590 215 251 251 422 270 251 508 215 590 
29 174 251 3 251 251 251 251 251 251 251 3 215 215 251 251 291 251 373 215 
30 251 366 395 251 291 251 357 590 291 251 224 
31 395 174 447 215 251 251 174 270 251 215 251 270 174 
32 174 251 477 251 447 251 251 174 291 251 359 126 477 357 
33 251 215 447 215 251 251 215 251 3 251 255 464 
34 251 251 334 398 3 251 251 270 174 291 464 251 251 
35 251 251 215 3 251 270 334 251 270 377 291 334 251 
37 270 270 270 251 270 251 490 215 490 490 251 490 374 
38 251 366 251 251 422 270 251 251 251 291 251 251 590 251 251 291 270 302 
39 251 251 251 260 174 270 422 270 590 291 251 422 251 508 
41 590 251 251 251 270 251 174 447 270 174 251 395 270 
42 251 362 251 334 215 215 508 3 251 400 251 251 377 400 
43 251 590 215 251 251 251 251 270 447 251 174 477 291 259 126 215 
44 454 454 454 454 454 454 454 454 454 454 454 
45 251 215 598 174 255 251 251 251 251 371 291 251 251 251 251 251 508 
48 215 223 270 251 270 215 212 251 251 251 251 260 251 251 251 251 
