1 174 174 174 174 174 174 174 174 174 
2 215 215 215 215 215 215 215 215 215 215 224 174 215 
3 215 215 215 215 215 215 215 215 215 215 215 215 215 215 215 215 215 215 215 
4 24 24 24 24 24 24 24 24 
5 215 215 215 215 215 215 332 215 215 215 215 215 215 215 215 215 
6 174 255 174 174 174 174 174 174 174 174 174 174 174 
7 3 3 3 3 3 3 3 3 3 3 3 3 3 
8 215 215 215 215 215 215 215 215 215 
9 3 3 3 3 215 3 3 3 3 3 3 3 3 3 3 
10 215 215 215 215 215 215 215 224 229 215 215 215 215 215 
12 215 58 215 255 215 215 215 215 174 215 215 138 215 215 
13 174 174 174 174 174 174 174 174 174 174 174 174 174 502 174 174 174 
14 255 380 398 260 260 260 623 3 260 260 260 260 260 260 260 
16 381 381 381 381 381 381 381 381 381 257 
19 428 428 428 428 462 428 428 428 428 428 428 428 
20 440 440 440 440 440 440 440 440 440 440 440 440 440 440 440 440 
21 215 215 215 215 215 215 215 215 215 215 215 215 223 127 215 127 
22 174 174 174 174 174 174 268 174 174 174 
23 174 174 174 174 174 174 174 256 371 174 174 174 174 246 215 174 
24 3 3 3 3 3 3 3 215 3 3 3 3 3 
25 445 445 445 445 445 445 445 445 445 445 445 445 445 445 445 
26 398 398 398 398 398 398 398 398 398 398 
27 174 174 256 174 239 174 174 222 174 174 174 255 174 174 174 
28 24 24 24 24 24 24 24 24 24 24 24 24 24 24 24 24 24 
29 3 3 3 3 3 3 3 3 3 3 3 3 3 3 3 3 3 268 3 
30 249 215 395 249 215 249 249 257 249 249 304 
31 174 174 174 174 174 174 174 174 174 174 174 174 174 
32 476 476 476 476 476 476 476 476 476 476 476 476 477 476 
33 3 3 229 3 3 3 3 3 3 3 3 3 
34 174 174 215 398 239 174 174 174 174 174 174 174 174 
35 215 215 215 239 215 215 215 215 215 215 215 138 215 
37 398 398 398 398 398 398 398 398 398 398 398 398 419 
38 215 215 215 215 215 215 215 215 215 215 215 215 215 215 215 215 215 215 
39 215 215 215 260 215 215 215 215 215 215 215 215 215 215 
41 255 255 255 255 255 255 255 255 255 255 255 255 255 
42 3 3 3 3 3 3 366 3 3 3 3 3 3 215 
43 174 174 174 174 174 174 174 174 174 174 174 259 174 259 174 174 
44 454 454 454 454 454 454 454 454 454 454 454 
45 145 145 126 145 255 145 145 145 145 126 145 145 145 145 145 145 255 
48 215 223 215 215 215 215 215 215 215 215 215 215 215 215 215 215 
