1 2 210 2
3 5 1005 5
5 2 402 2
7 2 4 2
8 2 142 2
9 2 264 2
11 7 1406 7
13 2 402 2
15 3 603 3
19 14 531 5
20 4 760 4
22 2 203 2
24 8 1607 8
26 2 401 2
28 2 402 2
31 2 402 2
33 3 603 3
35 2 205 2
40 2 402 2
56 2 158 2
57 2 42 2
58 2 101 2
70 1 3 1
71 1 68 1
72 1 2 1
73 1 23 1
74 1 4 1
82 2 68 2
83 2 89 2
84 2 83 2
89 19 38 2
90 31 2236 17
91 11 26 2
92 31 290 4
93 25 700 7
99 2 202 2
113 4 340 2
126 3 405 3
127 3 8 2
129 2 7 2
130 2 11 2
131 2 5 2
132 3 18 2
133 2 5 2
134 2 54 2
135 2 6 2
136 2 6 2
137 3 7 2
138 4 17 2
139 2 5 2
140 1 138 1
141 2 125 2
142 4 28 2
143 2 5 2
144 2 155 2
145 4 9 2
146 2 5 2
147 2 18 2
149 7 29 3
160 2 400 2
164 10 678 6
165 36 590 10
166 2 367 2
174 6 122 2
175 2 35 2
176 2 186 2
177 1 42 1
178 2 21 2
179 2 210 2
181 1 2 1
182 1 2 1
183 1 2 1
184 1 2 1
185 1 2 1
186 1 4 1
187 1 2 1
188 1 2 1
189 1 4 1
190 1 2 1
191 1 2 1
192 1 3 1
193 1 3 1
194 1 4 1
195 1 3 1
196 1 3 1
197 1 2 1
198 1 3 1
199 1 2 1
200 1 2 1
201 1 38 1
202 1 2 1
203 1 2 1
204 1 2 1
205 1 2 1
206 1 2 1
207 1 2 1
208 1 184 1
209 1 2 1
210 1 2 1
211 1 2 1
212 3 420 3
213 1 2 1
214 1 2 1
215 8 647 6
216 1 2 1
217 1 2 1
218 1 11 1
219 1 2 1
220 1 3 1
222 2 36 2
223 2 211 2
224 2 20 2
227 2 201 2
229 2 326 2
231 2 402 2
233 2 59 2
234 2 22 2
235 2 203 2
236 2 22 2
237 1 5 1
238 1 24 1
239 2 57 2
240 2 4 2
241 2 22 2
242 2 22 2
243 1 2 1
244 3 6 2
246 2 203 2
248 2 4 2
249 3 6 2
250 2 10 2
251 1 191 1
252 2 14 2
253 2 140 2
254 2 59 2
255 2 203 2
256 2 203 2
257 3 6 2
258 2 203 2
259 2 203 2
260 4 44 2
262 2 201 2
265 2 26 2
266 1 2 1
267 2 4 2
268 2 5 2
269 1 2 1
270 1 2 1
271 2 4 2
272 2 5 2
273 1 2 1
274 1 2 1
275 1 2 1
276 2 203 2
277 2 102 2
278 2 203 2
280 1 2 1
281 2 203 2
284 1 201 1
286 1 201 1
288 2 164 2
291 1 2 1
292 2 395 2
293 1 2 1
294 2 40 2
296 1 200 1
302 1 2 1
304 2 200 2
306 1 199 1
307 1 12 1
309 1 200 1
313 2 201 2
315 3 13 2
316 2 258 2
319 2 14 2
320 2 9 2
321 2 21 2
322 2 28 2
323 2 15 2
324 2 40 2
325 2 16 2
326 2 10 2
327 2 10 2
328 2 9 2
329 2 38 2
330 2 9 2
332 2 203 2
334 1 7 1
338 2 398 2
341 2 212 2
343 2 4 2
344 2 4 2
345 3 603 3
347 1 144 1
348 2 4 2
349 2 11 2
350 1 2 1
351 1 176 1
352 3 11 2
353 1 2 1
354 1 201 1
355 2 21 2
357 2 123 2
358 3 214 2
359 2 114 2
360 2 4 2
362 2 201 2
366 2 203 2
371 5 148 3
372 28 75 3
373 4 404 2
374 2 6 2
375 2 389 2
376 2 9 2
377 2 8 2
380 4 150 2
381 7 252 4
382 2 93 2
383 1 5 1
384 1 8 1
385 1 194 1
386 1 2 1
387 1 2 1
390 1 20 1
391 2 101 2
392 1 155 1
393 1 4 1
395 2 203 2
397 1 5 1
398 5 184 3
399 2 337 2
400 3 432 3
402 18 36 2
407 2 204 2
409 5 472 5
410 2 402 2
417 3 603 3
419 5 23 2
420 2 4 2
421 5 281 3
422 3 190 2
423 2 35 2
424 1 2 1
425 2 9 2
426 1 167 1
427 5 134 2
428 8 26 3
429 3 214 2
430 2 402 2
432 1 201 1
434 2 375 2
435 2 31 2
437 2 402 2
439 2 338 2
440 3 20 3
443 1 12 1
444 2 196 2
445 4 651 4
447 1 182 1
448 1 2 1
449 1 201 1
451 3 603 3
454 4 804 4
457 2 402 2
460 2 120 2
461 2 20 2
462 2 210 2
463 2 203 2
464 3 478 3
465 2 401 2
468 1 6 1
469 2 315 2
471 1 21 1
472 2 402 2
474 1 2 1
476 6 355 3
477 5 510 4
478 3 220 3
480 1 201 1
483 4 427 3
484 2 203 2
485 1 2 1
486 2 203 2
487 2 203 2
488 2 252 2
490 2 10 2
491 2 402 2
493 5 762 5
494 2 13 2
495 3 603 3
497 2 24 2
498 2 178 2
502 3 102 3
503 2 402 2
506 2 396 2
508 3 254 2
511 2 4 2
512 2 6 2
513 2 4 2
514 2 4 2
515 2 6 2
516 2 4 2
517 2 4 2
518 2 4 2
519 2 4 2
520 2 6 2
521 2 32 2
522 2 4 2
523 2 13 2
524 2 15 2
525 2 4 2
526 2 4 2
527 2 147 2
528 2 4 2
529 2 4 2
530 2 4 2
531 2 4 2
532 2 4 2
533 2 9 2
534 2 4 2
535 2 4 2
536 2 16 2
537 2 4 2
538 2 4 2
539 2 4 2
540 2 4 2
541 2 13 2
542 2 4 2
543 2 11 2
544 2 4 2
545 2 4 2
546 2 4 2
547 2 4 2
548 2 26 2
549 2 11 2
550 2 4 2
551 2 4 2
552 2 6 2
553 2 7 2
554 2 5 2
555 2 10 2
556 2 7 2
557 2 6 2
558 2 6 2
559 2 4 2
560 2 4 2
561 2 4 2
562 2 4 2
563 2 6 2
564 2 4 2
565 2 4 2
566 2 11 2
567 2 4 2
568 2 4 2
569 2 7 2
570 2 6 2
571 2 6 2
572 2 4 2
573 2 4 2
574 2 8 2
575 2 4 2
576 2 4 2
577 2 4 2
578 2 11 2
579 2 13 2
580 2 4 2
581 2 4 2
582 2 4 2
583 2 9 2
584 2 4 2
585 2 4 2
586 2 4 2
587 2 4 2
588 2 6 2
589 2 4 2
590 2 4 2
591 2 4 2
592 2 11 2
593 2 5 2
594 2 6 2
598 2 202 2
599 2 219 2
601 2 64 2
602 3 405 3
603 3 586 3
604 3 603 3
606 2 402 2
613 2 64 2
614 3 403 2
616 2 61 2
620 3 10 2
621 2 402 2
623 1 10 1
624 1 2 1
625 2 398 2
627 2 402 2
629 2 195 2
630 1 2 1
633 3 22 3
640 1 108 1
643 2 202 2
648 2 402 2
650 2 402 2
676 2 399 2
678 1 2 1
679 1 2 1
680 1 2 1
681 1 2 1
682 1 2 1
683 1 2 1
684 1 2 1
685 1 2 1
686 1 2 1
687 1 2 1
688 1 2 1
689 1 2 1
690 1 2 1
691 1 2 1
692 1 129 1
693 1 2 1
694 1 2 1
695 1 2 1
696 1 2 1
697 1 3 1
698 1 2 1
699 1 2 1
700 1 2 1
701 1 2 1
702 1 2 1
703 1 2 1
704 1 2 1
705 1 7 1
706 1 2 1
707 1 2 1
708 1 2 1
709 1 2 1
710 1 2 1
711 1 2 1
712 1 33 1
713 1 20 1
714 1 2 1
715 1 2 1
716 1 2 1
